
Output some example predictions and true values:
0 are zero predictions

Correct predicted:
[[0.301493   0.19197296 0.05815038 0.98585895 0.60526317 0.08235098
  0.5830327  0.16748579 0.1384313  0.04038616 0.11152495 0.06690961
  0.09382619 0.24967325 0.12300846 0.09619435 0.30741705 0.0327526
  0.03707144]
 [0.88565924 0.18501655 0.0224697  1.         0.6739364  0.02397897
  0.45763344 0.11172029 0.10052224 0.02910518 0.1132845  0.02315063
  0.08089701 0.20296889 0.11760428 0.06084433 0.30994121 0.01345966
  0.03338118]
 [0.17492061 0.143154   0.03312088 0.9465464  0.1491258  0.02880145
  0.90305862 0.13372216 0.066942   0.05350236 0.05823582 0.0490069
  0.06362615 0.16319541 0.07299265 0.03461394 0.16608915 0.52309049
  0.02448417]
 [0.71368375 0.13799757 0.01912395 0.29207396 0.15642958 0.02547426
  1.         0.09066493 0.0687395  0.06492167 0.09981056 0.01800471
  0.08495313 0.63704689 0.11267107 0.16363977 0.27897218 0.50441008
  0.51020402]
 [0.85727238 0.11941277 0.02004585 1.         0.74711483 0.03843975
  0.40324868 0.06500411 0.06297575 0.01657458 0.07158972 0.04409851
  0.05303538 0.14798467 0.09042995 0.08275891 0.23056099 0.02332681
  0.02524946]
 [0.19261725 0.19319975 0.05466081 0.30219105 0.14276247 0.03421212
  1.         0.10008984 0.12513251 0.03698026 0.0725072  0.06603292
  0.07289891 0.1425972  0.10329226 0.05791098 0.23664525 0.02638573
  0.04119573]
 [0.14757504 0.11719885 0.03423289 0.97909612 0.12956875 0.13261111
  0.91481364 0.64567141 0.0669401  0.0333032  0.05192345 0.02729564
  0.05605625 0.13338293 0.09459157 0.16144648 0.15257137 0.02500781
  0.02362073]
 [0.10703653 0.0539423  0.00957957 0.31397732 0.15094289 0.03308448
  1.         0.04140815 0.05054683 0.01294298 0.1553919  0.63775399
  0.03867632 0.82569319 0.05625687 0.05826131 0.12646709 0.00482896
  0.01157008]
 [0.90841814 0.13123674 0.0266434  0.39453114 0.26688802 0.0450601
  0.99219135 0.04514174 0.04229002 0.01831305 0.06380637 0.03778722
  0.05292965 0.14723179 0.07551814 0.08226495 0.26069809 0.02311036
  0.03985222]
 [0.11063037 0.05663781 0.02019055 0.21918486 0.09784597 0.03760722
  1.         0.03844541 0.01878865 0.03007718 0.04333475 0.05704312
  0.12881935 0.17221057 0.04929371 0.02465984 0.13973638 0.01078986
  0.01409242]
 [0.53035351 0.11387256 0.03999348 1.         0.18523356 0.1553228
  0.48093293 0.13240751 0.07483676 0.03967852 0.07759926 0.07034741
  0.08147593 0.21838794 0.052953   0.10944239 0.22499417 0.00888246
  0.03170316]
 [0.         0.         0.         0.         0.         0.26298701
  0.5        0.18181818 0.         0.         0.         0.
  0.         0.15909091 0.         0.         0.         0.
  0.        ]
 [0.20254736 0.10740048 0.05668229 1.         0.21569556 0.04526258
  0.44458873 0.06188153 0.0520444  0.03477913 0.11748177 0.06566052
  0.08680036 0.18840483 0.08557196 0.07775158 0.21484822 0.03356688
  0.03250803]
 [0.13495396 0.53184375 0.02863255 0.30573681 0.12154452 0.09169968
  1.         0.07459422 0.06143764 0.08645919 0.04905054 0.03370092
  0.09197519 0.6048216  0.07583652 0.03463182 0.19440379 0.02102938
  0.02778828]
 [0.12662155 0.1697521  0.04624079 0.9203072  0.09216816 0.02402529
  0.99285136 0.1659435  0.18290698 0.02229546 0.03896227 0.03045691
  0.08430929 0.71889682 0.07627841 0.03702764 0.11133518 0.01952417
  0.02634503]
 [0.19332352 0.14205364 0.01623375 1.         0.13716429 0.02149312
  0.45141958 0.14776661 0.06481767 0.0402376  0.09025726 0.06222829
  0.06839367 0.16717524 0.07927981 0.092036   0.22195732 0.00964911
  0.01398015]
 [0.26845582 0.09011722 0.03472309 0.55716841 0.87969881 0.07356241
  0.61622978 0.08360693 0.09044112 0.04080643 0.16337425 0.05096675
  0.09152284 0.23485794 0.10169945 0.0650861  0.92792497 0.05096639
  0.0295152 ]
 [0.73316543 0.61658926 0.1004971  0.44542816 0.20942939 0.03876568
  0.56449601 0.12588668 0.05254377 0.03884817 0.08586628 0.08490368
  0.08494777 0.19499975 0.07376576 0.1612621  0.72439294 0.04267428
  0.04462533]
 [0.17172992 0.123513   0.03352377 0.87524133 0.12953977 0.0492949
  1.         0.09276625 0.09205054 0.03278725 0.06207248 0.0329342
  0.11365449 0.69070296 0.1074363  0.0856827  0.20301429 0.02223307
  0.01764143]
 [0.16667711 0.08907796 0.01011682 0.42745205 0.75001348 0.04150968
  1.         0.12169741 0.05295529 0.01823464 0.18654382 0.04202928
  0.09667008 0.22175399 0.0765273  0.09043671 0.80382552 0.00810669
  0.00800125]
 [0.18379536 0.13860136 0.05066593 0.93814749 0.15933864 0.05172533
  0.9957102  0.07688658 0.05241394 0.02931149 0.06699786 0.08055334
  0.08091182 0.24474592 0.07765475 0.08189246 0.17943961 0.03712694
  0.06616621]
 [0.82562444 0.22546176 0.03539857 0.43011818 0.21316558 0.02424844
  0.6692851  0.07551734 0.09070881 0.06685714 0.12281588 0.04363675
  0.10980889 0.16689435 0.17477976 0.12842641 0.86412048 0.04952298
  0.05078395]
 [0.1408757  0.09661453 0.02840432 0.921875   0.1838598  0.10252957
  0.71465304 0.07376009 0.06787791 0.04946634 0.07029987 0.04723362
  0.10132751 0.29096067 0.05945822 0.10371182 0.24628071 0.01479086
  0.01950784]
 [0.16954574 0.09908818 0.11577311 0.97191282 0.11960817 0.04361595
  0.90748344 0.13004752 0.06332325 0.02872344 0.06930678 0.04946928
  0.06073681 0.67439906 0.09630577 0.05132262 0.18135408 0.02097983
  0.01050947]
 [0.90427021 0.27776301 0.04363717 0.3560021  0.18185588 0.02766195
  0.92355784 0.10934896 0.12640969 0.57991473 0.13396338 0.02748381
  0.09235933 0.10860648 0.196994   0.06207805 0.39585927 0.52965448
  0.03279069]
 [0.24196336 0.14383802 0.03002026 1.         0.15146904 0.0385463
  0.43263798 0.12087248 0.07838736 0.03941162 0.06992458 0.0332371
  0.0748321  0.21055451 0.08989472 0.04704454 0.20972845 0.02534072
  0.01809641]
 [0.2382599  0.17352969 0.04780394 0.47818441 0.6146578  0.04763616
  0.9957102  0.07200686 0.06281026 0.03706476 0.10055721 0.09081363
  0.1056164  0.65929121 0.10246772 0.11629298 0.68729029 0.045232
  0.06613912]
 [0.13230127 0.11515585 0.13156656 1.         0.13049531 0.07910971
  0.58185261 0.16024407 0.06764271 0.0486222  0.14826458 0.35427105
  0.06660251 0.74221629 0.06451687 0.20677131 0.16016749 0.04573576
  0.03891875]
 [0.2147309  0.13292171 0.05465017 1.         0.1883263  0.11037758
  0.92094896 0.15214079 0.07325535 0.04602343 0.06652811 0.0858541
  0.07252703 0.21048092 0.06246716 0.12632173 0.208888   0.02508736
  0.06671513]
 [0.10428925 0.0741893  0.07717248 0.99287018 0.19888964 0.02389027
  0.92106827 0.57124329 0.54561664 0.02142008 0.05363695 0.04316742
  0.05952714 0.70086646 0.13890317 0.04377563 0.2097044  0.018188
  0.01474084]]
[[0.26308653 0.17640252 0.05290841 0.27162763 0.12198618 0.01633724
  1.         0.1253367  0.10432944 0.05729564 0.0688438  0.03587528
  0.06068893 0.12724906 0.06425899 0.06959125 0.20874181 0.03515227
  0.01864915]]
[0.31303772 0.20847212 0.0624075  0.6465025  0.22713485 0.07494749
 0.7514289  0.12645525 0.12181316 0.0614868  0.12748578 0.06346828
 0.11640143 0.30919784 0.14751041 0.09397887 0.32353908 0.05602531
 0.04274468]
[0. 0. 0. 1. 0. 0. 1. 0. 0. 0. 0. 0. 0. 0. 0. 0. 0. 0. 0.]
Distance: 0.531862970501726

Correct predicted:
[[0.31284182 0.14020028 0.03158387 0.5029052  0.17652015 0.03806748
  0.50305536 0.13012295 0.09420911 0.01799791 0.90830195 0.02275397
  0.25833917 0.24797968 0.2061949  0.22626479 0.41934501 0.01086772
  0.01379604]
 [0.14257541 0.13997412 0.02570459 0.99415172 0.09972957 0.05175152
  0.53412807 0.06928687 0.08746534 0.09238999 0.06234668 0.03413797
  0.05892906 0.85020735 0.06885771 0.09044797 0.17423618 0.04822854
  0.01170777]
 [0.2162823  0.14470293 0.01568167 0.29971737 0.11508635 0.06166907
  1.         0.06642119 0.07211531 0.06556213 0.07295733 0.04622161
  0.6214568  0.11982685 0.12688422 0.02869852 0.80550043 0.00942959
  0.01451159]
 [0.18081974 0.07728357 0.0267682  0.23346278 0.18379319 0.04992438
  1.         0.041664   0.04272872 0.04652647 0.11589235 0.06164204
  0.09530297 0.54923826 0.0473661  0.04431587 0.30948008 0.01134432
  0.03034684]
 [0.97596154 0.99792423 0.17091234 0.26506471 0.06098328 0.26315221
  0.39747585 0.22849051 0.13793304 0.05110906 0.06397921 0.03990408
  0.04049648 0.08526641 0.89087781 0.20286965 0.13479204 0.06652543
  0.00962138]
 [0.16667711 0.08907796 0.01011682 0.42745205 0.75001348 0.04150968
  1.         0.12169741 0.05295529 0.01823464 0.18654382 0.04202928
  0.09667008 0.22175399 0.0765273  0.09043671 0.80382552 0.00810669
  0.00800125]
 [0.23484444 0.62569246 0.07751684 0.42135899 0.13027486 0.06130001
  1.         0.13902226 0.13273815 0.07109946 0.10560704 0.05432605
  0.09127737 0.18701898 0.14827752 0.09032118 0.278639   0.0558729
  0.02582596]
 [0.40284913 0.21222512 0.02966535 0.48352571 0.29088131 0.04956095
  0.8995234  0.11120976 0.45848247 0.03097914 0.14150045 0.04930288
  0.10497533 0.1852836  0.17856463 0.09575798 0.34361909 0.02548927
  0.06449886]
 [0.09345423 0.11645285 0.03174369 0.94707329 0.1160832  0.04383906
  0.95354533 0.05112457 0.05220996 0.02548529 0.03730891 0.02588759
  0.05144311 0.18887521 0.04820242 0.02070613 0.14997417 0.00880841
  0.00987905]
 [0.13612478 0.1933669  0.02307299 0.99623803 0.60001525 0.06802886
  0.54186652 0.05117921 0.10489872 0.06469691 0.07909453 0.04672898
  0.06708285 0.30250613 0.09314461 0.16302697 0.17529943 0.04156421
  0.00909005]
 [0.88963075 0.21879149 0.09396315 0.43396441 0.21874371 0.07380689
  0.92985948 0.16536522 0.10216469 0.07372356 0.08003399 0.08810318
  0.07465144 0.19328581 0.13526005 0.09113409 0.79739179 0.05374782
  0.02953842]
 [0.56255851 0.18881179 0.02003546 0.44689986 0.19668855 0.0444538
  1.         0.07256648 0.05053259 0.05379708 0.06112099 0.11684009
  0.09434511 0.29314935 0.09794244 0.05337742 0.19463783 0.48392954
  0.12895914]
 [0.66329818 0.21426757 0.07458547 1.         0.14503629 0.052447
  0.46341275 0.13453951 0.14302223 0.0381171  0.12165484 0.0393511
  0.10277354 0.1921386  0.55408809 0.06367966 0.28149934 0.03023347
  0.03640279]
 [0.83620738 0.14944416 0.03169996 0.36382925 0.1881692  0.02831472
  0.99757028 0.05622996 0.07023431 0.03258823 0.09810734 0.03414842
  0.09097491 0.14321053 0.13157461 0.08918209 0.80578342 0.04792967
  0.02468628]
 [0.17888723 0.10807201 0.01650114 0.43197562 0.16075619 0.12853832
  1.         0.09081357 0.02881052 0.03603243 0.07591987 0.10036568
  0.11188505 0.64838689 0.06787541 0.20864655 0.26578511 0.074414
  0.07614463]
 [0.14613868 0.14925413 0.01353864 0.21839645 0.09950463 0.04500784
  1.         0.03577695 0.10559758 0.09855782 0.04562235 0.04101566
  0.05345899 0.68697533 0.04590246 0.06720386 0.1572746  0.53920606
  0.0041731 ]
 [0.70074839 0.71018497 0.01000731 0.43126751 0.1828582  0.0590678
  0.58844399 0.06639876 0.05030187 0.06054689 0.07364764 0.10034469
  0.09023366 0.25293237 0.10122755 0.11339924 0.74185732 0.64681342
  0.12245263]
 [0.15213431 0.11142216 0.02247538 0.31605342 0.07473819 0.04546326
  0.66167077 0.04776748 0.06810378 0.06118791 0.76196492 0.02656535
  0.71018831 0.18401683 0.15033009 0.08992768 0.93238109 0.06286538
  0.0123814 ]
 [0.61408869 0.08038309 0.02859969 0.35001285 0.15687646 0.09397711
  1.         0.04483098 0.05016177 0.05382499 0.04386412 0.06135845
  0.07603311 0.19926972 0.04321665 0.05086096 0.61198648 0.03848673
  0.01466108]
 [0.25261601 0.23071643 0.06337382 0.44233216 0.15248969 0.03959579
  1.         0.12133253 0.1295848  0.05551427 0.48255275 0.02997905
  0.47355743 0.19349971 0.14387696 0.08835573 0.64777238 0.04237599
  0.02584417]
 [0.3283915  0.73653179 0.0416428  0.4424238  0.16676661 0.03984273
  0.44845072 0.12624513 0.10694792 0.04307089 0.13288027 0.02505738
  0.14272907 0.19103569 0.74244961 0.18369778 0.93395142 0.01535442
  0.01941135]
 [0.26488495 0.1333317  0.04400909 1.         0.23602125 0.02209471
  0.50825918 0.14816325 0.09260189 0.02718885 0.07031993 0.05404504
  0.10957241 0.69604443 0.09522216 0.06401393 0.28256726 0.01873478
  0.0167821 ]
 [0.46536186 0.19085413 0.0304891  0.55323951 0.33003835 0.02880648
  0.965512   0.08438147 0.10003032 0.02614017 0.15778623 0.03501505
  0.12563037 0.23624161 0.16791282 0.0983488  0.81283972 0.03087193
  0.06353115]
 [0.1059484  0.12247305 0.01981384 0.12447384 0.07219542 0.06710185
  1.         0.03375532 0.04423197 0.03686083 0.04513394 0.02375585
  0.76024907 0.08759841 0.08528292 0.0290746  0.84524045 0.05131908
  0.0068208 ]
 [0.07323963 0.06248223 0.02319548 0.19819028 0.11711268 0.09797434
  1.         0.05248373 0.0482431  0.67404827 0.04118722 0.03596167
  0.03117624 0.06041363 0.04741878 0.08208403 0.13982429 0.65342743
  0.01768   ]
 [0.275812   0.14015658 0.06437415 0.49106827 0.23909633 0.06444638
  0.97639475 0.11133374 0.10710802 0.04120656 0.14941137 0.06620076
  0.11840326 0.26242264 0.12458105 0.07218487 0.36747362 0.02157823
  0.02576075]
 [0.90026035 0.28483716 0.10737205 0.42272036 0.1632904  0.09499557
  0.95152176 0.17413672 0.17655796 0.50841448 0.09650766 0.10050409
  0.07926339 0.61008481 0.22995235 0.11017254 0.36635132 0.47355453
  0.02247276]
 [0.26749745 0.18115924 0.03048593 0.9572841  0.17436953 0.0235935
  0.83114184 0.06700425 0.06654553 0.03253804 0.09097826 0.04066509
  0.06755778 0.2631545  0.08040553 0.07883658 0.25881674 0.02788746
  0.03111333]
 [0.9015354  0.19590851 0.04769025 0.96562398 0.79167793 0.04766699
  0.67000442 0.0818537  0.10946041 0.07202321 0.12499069 0.04740755
  0.11072696 0.72695897 0.1685106  0.05525232 0.38836084 0.03928943
  0.03535837]
 [0.12183713 0.10051753 0.04186555 0.40117163 0.19584089 0.06781785
  0.94642857 0.03924406 0.03449991 0.02613042 0.03865862 0.06218631
  0.07731122 0.18315921 0.04216214 0.13565277 0.52764128 0.40695162
  0.12341753]]
[[0.96534721 0.34895078 0.03374276 0.36153025 0.21453896 0.08065292
  0.60926419 0.11804922 0.16196403 0.55466405 0.10077656 0.02635402
  0.09880804 0.17471887 0.14655601 0.0592562  0.40754779 0.52789503
  0.02840179]]
[0.38634717 0.24755237 0.0637305  0.57110095 0.25420013 0.06761804
 0.717941   0.13873261 0.13209666 0.07038724 0.12204771 0.06888667
 0.13082775 0.27654564 0.1730079  0.08625276 0.38668278 0.05771567
 0.04072506]
[0. 0. 0. 1. 0. 0. 1. 0. 0. 0. 0. 0. 0. 0. 0. 0. 0. 0. 0.]
Distance: 0.9362046117980072

Correct predicted:
[[0.21808761 0.73124946 0.02368301 0.3785819  0.15683448 0.04867552
  0.60041348 0.05929665 0.04237111 0.03587105 0.07312788 0.05441584
  0.09724172 0.18048433 0.10136026 0.13743457 0.17989825 0.05974525
  0.69687323]
 [0.24861069 0.16416879 0.0699736  0.54002833 0.82784168 0.05186558
  0.62226061 0.10081879 0.07221739 0.05431838 0.0656832  0.06166986
  0.11886216 0.82882078 0.11099037 0.14955571 0.26150613 0.05718691
  0.05790997]
 [0.32914443 0.67336919 0.04230516 0.47476575 0.16106561 0.06609383
  0.69672157 0.06980738 0.57202789 0.08285736 0.21336071 0.06508323
  0.08727891 0.24239943 0.095511   0.10877833 0.28641392 0.15476828
  0.02103002]
 [0.87541381 0.20522382 0.02911132 0.44979603 0.23334126 0.04287518
  0.65252979 0.10160472 0.08904556 0.63962986 0.14884973 0.05500149
  0.14295571 0.79748272 0.11386304 0.08996277 0.37660581 0.6212496
  0.06931072]
 [0.8400644  0.156472   0.0415653  0.3689384  0.79294647 0.0500103
  0.62922222 0.05559863 0.05045008 0.04061828 0.09252939 0.09315035
  0.09036098 0.16981801 0.09554253 0.12554116 0.77720808 0.06630446
  0.13701645]
 [0.04276288 0.4618393  0.00578144 0.25097756 0.54569476 0.03827801
  1.         0.0220976  0.03251395 0.04985258 0.02733895 0.03423767
  0.10096703 0.25329918 0.0140871  0.01658745 0.13941561 0.0923782
  0.00392586]
 [0.13164064 0.13694129 0.02559849 0.15383084 0.09530946 0.04825076
  1.         0.03470646 0.05802209 0.03973506 0.0566439  0.02463692
  0.07891958 0.08191089 0.10735608 0.04423034 0.15059731 0.74900999
  0.01047503]
 [0.06170112 0.06599409 0.01125984 0.29017328 0.07571346 0.03985467
  1.         0.02091372 0.03193662 0.04910572 0.0170346  0.02211348
  0.03001075 0.59589994 0.02293007 0.05288026 0.09495491 0.04645417
  0.0048158 ]
 [0.10158544 0.27149728 0.83442262 0.49831893 0.02934098 0.28982548
  0.21599142 0.88352847 0.21863578 0.02951964 0.04481789 0.55843959
  0.03014874 0.09557484 0.072227   0.09786449 0.04059257 0.00777474
  0.00740681]
 [0.02786665 0.01957582 0.00772176 0.14770507 0.05678895 0.15144278
  1.         0.01413073 0.03593727 0.06331276 0.02236952 0.04963487
  0.02313312 0.08397268 0.0090701  0.01342043 0.07634311 0.01696711
  0.00597727]
 [0.16679638 0.12022989 0.03115982 0.42693623 0.09002791 0.02599098
  0.93181818 0.03101789 0.58666731 0.07792658 0.53316898 0.02675153
  0.04665148 0.19331021 0.06131865 0.04914979 0.23130095 0.05417729
  0.00526879]
 [0.33423043 0.18735035 0.0654669  0.97434328 0.23768638 0.03809497
  0.99438442 0.12021255 0.56042451 0.09447124 0.18943369 0.02876835
  0.11275757 0.24061927 0.15964247 0.07106402 0.30566543 0.04746741
  0.0114635 ]
 [0.17958957 0.74612455 0.95140271 0.57304562 0.06185216 0.07748382
  0.69314284 0.93907632 0.23459246 0.04335245 0.05489821 0.08112671
  0.04881827 0.11056698 0.11359487 0.09705487 0.12740634 0.01888846
  0.02352095]
 [0.1458842  0.65416626 0.0115154  0.24938272 0.12491115 0.05342858
  1.         0.01959577 0.02282608 0.01178167 0.08705749 0.05495272
  0.01816842 0.08360055 0.10572217 0.03675311 0.14204061 0.04242703
  0.107655  ]
 [0.27134296 0.15049891 0.04293677 0.93559048 0.20273122 0.03941426
  0.90404659 0.1205525  0.11809153 0.02780543 0.07964461 0.05933728
  0.08122354 0.64133962 0.09130964 0.10877353 0.24418278 0.03235917
  0.02965861]
 [0.20119788 0.06836521 0.002957   0.21309885 0.2719332  0.0395879
  1.         0.03404386 0.02637265 0.0302789  0.06140257 0.0608883
  0.05892802 0.13827599 0.0529089  0.12150311 0.23754452 0.02842629
  0.04729495]
 [0.58271448 0.15310185 0.04772085 0.88380267 0.51377648 0.19476538
  0.39557941 0.1039086  0.06993116 0.03824269 0.15391986 0.63326299
  0.07544703 0.16340611 0.10074904 0.17330585 0.23317747 0.03225324
  0.09451899]
 [0.         0.         0.         0.         0.         0.26298701
  0.5        0.18181818 0.         0.         0.         0.
  0.         0.15909091 0.         0.         0.         0.
  0.        ]
 [0.13299127 0.04935003 0.0183168  0.28814195 0.26269765 0.0258665
  0.43383123 0.04252561 0.0467201  0.01787714 0.76476173 0.01256202
  0.80632129 0.10032531 0.04059867 0.03788952 1.         0.00922009
  0.00400275]
 [0.14274583 0.14115888 0.02119619 1.         0.12450841 0.01747982
  0.41230206 0.697046   0.0605603  0.02136111 0.06269743 0.03559853
  0.05125822 0.20050055 0.06719551 0.03547479 0.16679072 0.02245762
  0.02099002]
 [0.73569133 0.15452624 0.03670154 0.41253739 0.62323717 0.0602166
  1.         0.0718638  0.06077274 0.06886072 0.11323849 0.05780646
  0.12334911 0.1714898  0.12006454 0.10486654 0.37692552 0.03979103
  0.04971603]
 [0.90550264 0.86423317 0.05638499 0.24646916 0.11019323 0.04895774
  0.46447237 0.09321341 0.10840074 0.06717091 0.13552453 0.02732359
  0.09876911 0.13883672 0.76262752 0.11540542 0.26656927 0.02971353
  0.00886711]
 [0.26515777 0.13431444 0.0428126  0.96734499 0.19610774 0.04189233
  0.93067521 0.14714452 0.10453067 0.02565587 0.0728203  0.0930242
  0.07344764 0.60490951 0.10716536 0.16662394 0.31444415 0.0196825
  0.02406749]
 [0.12467147 0.15440316 0.05478    0.29519145 0.12249982 0.06345706
  1.         0.50674964 0.52393711 0.07292441 0.07175281 0.04237096
  0.0662373  0.17848672 0.07168927 0.0802121  0.13722982 0.04839099
  0.01614502]
 [0.17374049 0.10344259 0.01957614 0.33925604 0.77174519 0.03855172
  0.57222222 0.03916157 0.02495874 0.03953412 0.06705638 0.03339033
  0.0931552  0.72732784 0.0413736  0.18463044 0.19655953 0.08352732
  0.12463623]
 [0.27433586 0.13139363 0.0135189  0.3460702  0.60900524 0.02423691
  1.         0.04825228 0.06264    0.03223663 0.17664816 0.04337654
  0.11185256 0.16870846 0.13937854 0.10202148 0.81429644 0.05503258
  0.04119268]
 [0.09253492 0.08602063 0.01553243 0.27641491 0.12954201 0.07545087
  1.         0.02096597 0.03692057 0.52856394 0.04041903 0.02575014
  0.53684154 0.15844559 0.03583753 0.11376781 0.60220616 0.01410768
  0.0526579 ]
 [0.26211644 0.15980547 0.0143775  0.49243028 0.29750084 0.15505864
  0.70467274 0.06125475 0.07893526 0.0565444  0.6664058  0.06396415
  0.11415122 0.25432252 0.63800027 0.15239278 0.2953161  0.06657447
  0.11857146]
 [0.91974392 0.72010204 0.028157   0.42308482 0.20581987 0.05619572
  0.60050737 0.07756728 0.08470981 0.05387984 0.13345442 0.03727357
  0.11908293 0.19540742 0.14094642 0.16460261 0.89167122 0.0456726
  0.03323915]
 [0.13346069 0.0793668  0.02394703 0.91133334 0.14458041 0.04779236
  1.         0.07783191 0.03589938 0.02576711 0.06052857 0.06979162
  0.07370667 0.69466393 0.06140155 0.12241892 0.17811536 0.03440071
  0.04412154]]
[[0.24986291 0.16462736 0.05471926 0.98102354 0.24164936 0.08336793
  0.6021015  0.12685914 0.11003878 0.06613676 0.08180865 0.06225193
  0.08231936 0.25676334 0.12751098 0.15512354 0.22945107 0.03669676
  0.04485678]]
[0.30562177 0.2328554  0.05845292 0.5710218  0.24366596 0.06520554
 0.72612023 0.12433022 0.12585118 0.06243724 0.13978367 0.06657881
 0.12565964 0.26797566 0.13922441 0.09082087 0.34262094 0.05377971
 0.04088311]
[0. 0. 0. 1. 0. 0. 1. 0. 0. 0. 0. 0. 0. 0. 0. 0. 0. 0. 0.]
Distance: 0.4632873617867981

Correct predicted:
[[0.28428394 0.17457412 0.03367255 0.48887318 0.67902055 0.05074754
  1.         0.09974363 0.08764835 0.02616121 0.08291335 0.0464661
  0.54314268 0.25228525 0.11829913 0.1278951  0.80604598 0.02476312
  0.04773371]
 [0.40824845 0.32448345 0.0453878  0.42450167 0.19921962 0.1399715
  1.         0.09067651 0.15716385 0.0737392  0.11433049 0.06842176
  0.11644994 0.65305617 0.31808609 0.07792436 0.3407234  0.06132205
  0.05173471]
 [0.21363054 0.13453718 0.03833528 1.         0.14380293 0.08183584
  0.43135095 0.05862938 0.07525518 0.02804656 0.08550401 0.07750348
  0.0796282  0.18670666 0.10261566 0.04995401 0.22275262 0.02535043
  0.0198589 ]
 [0.51034902 0.67642959 0.97957335 0.44232236 0.01486806 0.11688753
  0.09835154 0.98362285 0.13167896 0.00713689 0.01595587 0.03255357
  0.01716723 0.04161925 0.07481239 0.01503988 0.02557914 0.00174768
  0.00248646]
 [0.29438087 0.13937245 0.02174236 0.39865693 0.20573896 0.10059408
  1.         0.05258504 0.04809596 0.04369145 0.07954739 0.44308101
  0.10948756 0.14094691 0.10216465 0.05897992 0.30872623 0.02329627
  0.02513483]
 [1.         0.79040994 0.04417844 0.31431521 0.16738074 0.04625025
  0.4597585  0.07954897 0.11065921 0.029502   0.13687672 0.02791753
  0.07144185 0.14591801 0.83784999 0.08360625 0.30597059 0.03132565
  0.03294847]
 [1.         0.71016336 0.04797941 0.41871215 0.2146173  0.03256725
  0.49642937 0.11245036 0.62681625 0.03298354 0.19275727 0.03167113
  0.16646216 0.17740258 0.27497236 0.13187146 0.416058   0.03056584
  0.02719618]
 [0.36941741 0.22103581 0.02589626 0.48730814 0.13515686 0.04166799
  0.55007611 0.08508013 0.15415622 0.03330411 0.22595204 0.06764827
  0.81639923 0.20000568 0.97341353 0.08458902 0.27584628 0.02739782
  0.01181651]
 [0.26891493 0.17422414 0.06507351 0.49183297 0.17993335 0.12159659
  0.95671696 0.11999421 0.09068662 0.51084219 0.10037096 0.08961387
  0.08733436 0.18270809 0.12630049 0.08320834 0.26510436 0.02370934
  0.07242996]
 [0.96131936 0.89566339 0.02122424 0.37715974 0.16317179 0.15903095
  0.59219283 0.05858692 0.11131928 0.08997042 0.10553121 0.05095725
  0.09884228 0.22577011 0.09389101 0.08074334 0.94603971 0.06639489
  0.03274912]
 [0.11800408 0.12823876 0.03948665 0.3249019  0.09951049 0.05732489
  1.         0.09210271 0.59440344 0.05444469 0.05864522 0.0362695
  0.07512743 0.2174132  0.04851324 0.04913716 0.15568803 0.02904987
  0.01311052]
 [0.18735893 0.11948415 0.12504246 1.         0.12034899 0.02466712
  0.40293746 0.11347217 0.08119661 0.02524984 0.07380408 0.04557485
  0.05782233 0.1757796  0.11781672 0.03489237 0.16896801 0.01655756
  0.03590316]
 [0.35482406 0.22151608 0.05077744 0.54093775 0.88784555 0.05098139
  0.61570646 0.10241044 0.10519405 0.05801772 0.08885558 0.03567014
  0.12616649 0.22339384 0.15122157 0.04171292 0.97664867 0.03228791
  0.01452749]
 [0.23734028 0.08986735 0.01697904 1.         0.69819949 0.01522042
  0.37620248 0.06060849 0.26983097 0.01196784 0.37255589 0.02914618
  0.06246123 0.14734413 0.12828673 0.10019571 0.340892   0.01645944
  0.01533069]
 [0.8390165  0.76950846 0.05208424 0.15656506 0.05066647 0.01673277
  1.         0.06366214 0.07485578 0.08387406 0.03377572 0.01105473
  0.03411078 0.10233765 0.03866679 0.00238605 0.08421427 0.03306742
  0.00422083]
 [0.23643877 0.12711682 0.02699094 0.57416015 0.1822057  0.10823584
  0.93370779 0.16235684 0.0811691  0.36936519 0.13267054 0.11095394
  0.08298142 0.23793221 0.13306053 0.12477567 0.2477947  0.01991862
  0.02108196]
 [0.1895103  0.12999684 0.01709045 0.20386903 0.10622077 0.0354856
  1.         0.04387779 0.07448776 0.68094186 0.0583474  0.01670055
  0.06985838 0.72317483 0.07824979 0.03416098 0.20856918 0.66442627
  0.01031073]
 [0.17040404 0.12697994 0.04174553 1.         0.12446112 0.03659178
  0.35448823 0.07348348 0.07150281 0.05897644 0.06305552 0.0356723
  0.04134337 0.71248935 0.10678988 0.0704483  0.16413748 0.02041833
  0.01793613]
 [0.75651028 0.12693822 0.03290956 0.94985936 0.6505547  0.04909523
  0.65553963 0.06924589 0.07181031 0.0333331  0.16725847 0.04689792
  0.53353808 0.2710149  0.1312343  0.11550779 0.86322603 0.01845689
  0.01171834]
 [0.25978104 0.13254885 0.02481141 0.88713755 0.18065257 0.05465445
  1.         0.08065523 0.06775956 0.03018685 0.06663347 0.03524927
  0.09885316 0.665713   0.10435337 0.04281106 0.2544944  0.01688221
  0.05011339]
 [1.         0.2337321  0.06000178 0.41307259 0.23936964 0.05044645
  0.50168801 0.10032543 0.6640332  0.02863018 0.65000337 0.02732236
  0.11419861 0.1722077  0.22744305 0.05891143 0.34780234 0.02960798
  0.01433652]
 [0.18798706 0.14855232 0.03475322 1.         0.10951837 0.04866975
  0.34073181 0.08960716 0.07464069 0.03432095 0.07402443 0.05056568
  0.05897446 0.19970082 0.0968098  0.03126021 0.17761242 0.02054606
  0.00798156]
 [0.26027639 0.71947861 0.06318342 0.33452481 0.15974959 0.0272523
  1.         0.10653723 0.70902189 0.04856522 0.11496696 0.03914031
  0.12417497 0.14013526 0.13987126 0.04404749 0.2618008  0.0243304
  0.03102689]
 [0.96997351 0.87686334 0.01743839 0.28550144 0.18029164 0.13214564
  0.49148675 0.04971527 0.10934726 0.06707937 0.10077889 0.04897774
  0.08370326 0.14768254 0.10657274 0.05409509 0.94983345 0.04888333
  0.01418153]
 [0.09427357 0.06472867 0.00822341 0.85051184 0.09508775 0.01530892
  1.         0.03741341 0.07036216 0.0296034  0.05650128 0.02468072
  0.05769814 0.65435992 0.05436216 0.07597805 0.16807319 0.013777
  0.00868426]
 [0.21241891 0.17315375 0.05488852 1.         0.14689685 0.03232518
  0.30848678 0.62413697 0.07941059 0.02123848 0.07172551 0.04421397
  0.09148039 0.18192805 0.07962939 0.07091015 0.16323118 0.02184108
  0.02020595]
 [0.92614246 0.18686193 0.0365391  0.32195444 0.17029317 0.08928372
  0.43334836 0.07314372 0.15098821 0.01587175 0.69867286 0.02829993
  0.08993279 0.12905909 0.6728018  0.14759018 0.33486838 0.00967797
  0.01078423]
 [0.98604711 0.75584788 0.03213179 0.94740877 0.18229211 0.06822734
  0.40982653 0.07939612 0.08276203 0.02879943 0.14863611 0.03453453
  0.10434935 0.1432109  0.20753072 0.04342371 0.87546922 0.0233847
  0.03846828]
 [0.70613826 0.11602084 0.02272337 0.29761794 0.65771246 0.05213827
  1.         0.04832862 0.05661284 0.04948032 0.07550062 0.06011155
  0.06281175 0.18740602 0.07402071 0.04456538 0.73810119 0.03885847
  0.03444814]
 [0.99231985 0.19936647 0.03599333 0.48481376 0.68480335 0.07805207
  0.47417848 0.15703486 0.11564528 0.04217169 0.31081494 0.04071561
  0.1123028  0.17007084 0.23706901 0.03993747 0.96968704 0.02575865
  0.02290961]]
[[0.08069484 0.15720877 0.00781274 0.38624756 0.19302019 0.06972237
  1.         0.03189961 0.0503051  0.0857788  0.07602149 0.08239693
  0.11294136 0.21732296 0.04170482 0.03979436 0.1933015  0.09022246
  0.06367957]]
[0.4681889  0.3104172  0.06219477 0.5775162  0.29618672 0.06900107
 0.66406703 0.14651129 0.13194811 0.07467961 0.12559023 0.07298022
 0.13463677 0.26352358 0.1885245  0.06895948 0.46619654 0.05457661
 0.03588892]
[0. 0. 0. 1. 0. 0. 1. 0. 0. 0. 0. 0. 0. 0. 0. 0. 0. 0. 0.]
Distance: 0.6787173105821424

Correct predicted:
[[0.8157276  0.16053981 0.04599582 0.91680154 0.2419857  0.03375569
  0.97623014 0.06545949 0.07724083 0.04162831 0.12100662 0.06441328
  0.06685858 0.17100143 0.13290308 0.10548722 0.74653015 0.02686933
  0.03349862]
 [0.28940939 0.23911795 0.13863538 0.56891047 0.1450679  0.04556019
  0.56775731 0.20602158 0.66384802 0.05484137 0.67431678 0.03081405
  0.63299754 0.27719814 0.15575357 0.10284452 0.85164835 0.03524312
  0.02764975]
 [0.25175041 0.16559753 0.07436251 1.         0.21026702 0.11463026
  0.55505709 0.10956048 0.08666206 0.03928506 0.10905884 0.46559239
  0.10558602 0.24518686 0.12454056 0.11293989 0.26290877 0.04224435
  0.07005677]
 [0.10195086 0.13652801 0.01591875 0.5433503  0.28801399 0.06720721
  0.66126983 0.05670099 0.03612458 0.04494954 0.13530725 0.13003399
  0.52059667 0.6683349  0.06594179 0.07007754 0.75614    0.06887973
  0.14706184]
 [1.         0.29147762 0.02395402 0.4670706  0.66326922 0.02774429
  0.54379655 0.10693156 0.14246777 0.07941337 0.09867367 0.03469381
  0.08791562 0.18942995 0.14606887 0.07788069 0.8167311  0.06085816
  0.03151519]
 [0.22181905 0.10767817 0.02265704 1.         0.18417954 0.04933844
  0.35613871 0.13485405 0.1204768  0.01228919 0.10290059 0.03872945
  0.08575856 0.54657059 0.09496042 0.07688165 0.20353416 0.00865438
  0.01087677]
 [0.13209066 0.10097874 0.02371434 0.75557542 0.1868664  0.05056973
  1.         0.06010128 0.07498435 0.04764406 0.05185014 0.03645603
  0.11331961 0.60537398 0.04426893 0.05720212 0.20821579 0.02779071
  0.00526544]
 [0.95967742 0.84799316 0.97350053 0.32845213 0.10621813 0.09100351
  0.44410303 0.51163834 0.83542128 0.16666667 0.33293976 0.00796157
  0.08746196 0.12769811 0.77044963 0.16811477 0.26363604 0.0869324
  0.00312962]
 [0.04174014 0.14954925 0.38558193 0.86415452 0.08115119 0.09351091
  0.34619748 0.72566876 0.10160512 0.01760218 0.02818231 0.10541693
  0.05157488 0.1512438  0.04338285 0.11708845 0.06981526 0.02963304
  0.09421749]
 [0.75651028 0.12693822 0.03290956 0.94985936 0.6505547  0.04909523
  0.65553963 0.06924589 0.07181031 0.0333331  0.16725847 0.04689792
  0.53353808 0.2710149  0.1312343  0.11550779 0.86322603 0.01845689
  0.01171834]
 [0.91606927 0.58201002 0.02953165 0.5142749  0.32339752 0.04773884
  0.96908678 0.06680083 0.05664651 0.03219456 0.0784139  0.04492841
  0.07198769 0.18018867 0.10311094 0.07070686 0.35457769 0.02884525
  0.03847093]
 [0.75368766 0.62225542 0.02244423 1.         0.6947139  0.01733803
  0.52434487 0.16638872 0.09148962 0.03848217 0.10474281 0.02747516
  0.12985732 0.2105956  0.12685081 0.06469361 0.75322264 0.01898497
  0.02240082]
 [0.25871618 0.10261832 0.0202216  0.31044117 0.75391736 0.0284028
  1.         0.05744295 0.04619495 0.02260556 0.0859653  0.02591705
  0.12723374 0.17743902 0.07991437 0.04837045 0.81231688 0.05422473
  0.0138236 ]
 [0.15289137 0.14724329 0.05755264 0.57516787 0.16702522 0.06364164
  0.98679847 0.11832562 0.57107856 0.01187452 0.11732139 0.04915792
  0.64270015 0.24396389 0.11984159 0.07328372 0.25193646 0.00694284
  0.03730593]
 [0.28529153 0.13295455 0.02072003 0.9912854  0.57924952 0.02537155
  0.62479238 0.09703505 0.07001891 0.03124258 0.09955063 0.05904477
  0.06861613 0.67296309 0.11965224 0.10513057 0.26794308 0.02780719
  0.01477098]
 [0.14535155 0.08364118 0.02476093 0.2610779  0.6351005  0.04372263
  1.         0.04060174 0.05875101 0.06754485 0.05309334 0.03286341
  0.03866318 0.16811341 0.05980493 0.05257023 0.64142989 0.0350784
  0.00549686]
 [0.12773163 0.06332098 0.02138035 0.37705247 0.19982328 0.13907519
  1.         0.04956446 0.04017885 0.05081103 0.07931562 0.08862494
  0.11403712 0.20471649 0.0689331  0.06095235 0.27680684 0.02151752
  0.01020971]
 [0.79924935 0.68169974 0.06624843 0.6026821  0.24116352 0.14935483
  0.65549124 0.11031449 0.09687741 0.05027136 0.18065504 0.0932154
  0.13534172 0.26339715 0.69090596 0.17082258 0.78741537 0.05432123
  0.08324375]
 [0.18924164 0.12526995 0.03585907 0.97761395 0.16349646 0.05672672
  0.52319719 0.11031643 0.10694958 0.03823135 0.09989918 0.13498363
  0.07724853 0.73281845 0.09419268 0.07122837 0.23403673 0.02805152
  0.01963585]
 [0.1294771  0.07491318 0.01505506 0.93177364 0.20957078 0.10163115
  0.66421211 0.0656388  0.07420497 0.03675125 0.08700346 0.04303803
  0.09316778 0.70058637 0.07152261 0.16898259 0.25314999 0.0238568
  0.04460614]
 [0.76973396 0.16546586 0.04197244 0.36353111 0.7160385  0.05075088
  0.98437712 0.04143232 0.04815073 0.04109047 0.08568995 0.07464537
  0.0948185  0.15031992 0.09231014 0.11110211 0.29979906 0.06080352
  0.12380187]
 [0.15951745 0.08861189 0.0262529  1.         0.14697432 0.06755053
  0.37683031 0.07038448 0.52910973 0.0174048  0.09775109 0.04064551
  0.05213257 0.15758838 0.06091235 0.10059964 0.14181451 0.01678056
  0.03007363]
 [0.35305952 0.18480157 0.05810253 0.60683239 0.24226529 0.07435529
  0.73224365 0.099566   0.07517473 0.04893019 0.11680538 0.08421824
  0.12609592 0.27930146 0.15531795 0.10918684 0.71511337 0.05127016
  0.06580014]
 [0.         0.         0.         0.         0.         0.
  0.         0.         0.         0.         0.         1.
  0.         0.         0.         0.         0.         0.
  0.        ]
 [0.91223951 0.79877464 0.02365776 0.34287156 0.18419164 0.14128991
  0.58099219 0.04659938 0.11469886 0.09285785 0.08600255 0.05949755
  0.08339508 0.20103109 0.10836432 0.11026269 0.82733311 0.07066729
  0.04558492]
 [0.14565676 0.09042387 0.00313506 0.68358998 0.20003045 0.04085164
  1.         0.03192496 0.39779886 0.08829577 0.06676864 0.03624098
  0.13242176 0.65173698 0.06041707 0.07914585 0.30996631 0.06803452
  0.0034982 ]
 [0.82562444 0.22546176 0.03539857 0.43011818 0.21316558 0.02424844
  0.6692851  0.07551734 0.09070881 0.06685714 0.12281588 0.04363675
  0.10980889 0.16689435 0.17477976 0.12842641 0.86412048 0.04952298
  0.05078395]
 [0.88963075 0.21879149 0.09396315 0.43396441 0.21874371 0.07380689
  0.92985948 0.16536522 0.10216469 0.07372356 0.08003399 0.08810318
  0.07465144 0.19328581 0.13526005 0.09113409 0.79739179 0.05374782
  0.02953842]
 [1.         0.7425803  0.04847252 0.89488175 0.71390538 0.04806312
  0.55529368 0.13584562 0.07585364 0.0313036  0.08881526 0.04105531
  0.13039605 0.14076506 0.15870849 0.07389064 0.84526262 0.02824016
  0.04969567]
 [0.2071579  0.08730887 0.01254574 0.93430789 0.22379841 0.03387757
  0.61114661 0.05421024 0.063844   0.04264255 0.07847597 0.02508773
  0.08353525 0.7324384  0.0687566  0.05203866 0.31102307 0.02430163
  0.00339143]]
[[0.14760791 0.13228412 0.0313443  0.81690983 0.12906449 0.07835127
  1.         0.07440689 0.08766398 0.10354959 0.06896768 0.04824811
  0.07310815 0.66484325 0.06733168 0.07451261 0.19813567 0.04709666
  0.02424507]]
[0.4359079  0.27799705 0.05888226 0.61450946 0.25673887 0.06744315
 0.68754137 0.14039268 0.13226965 0.07217933 0.12374622 0.06652116
 0.12512356 0.27202126 0.1688166  0.07088286 0.40554363 0.05191073
 0.03656914]
[0. 0. 0. 1. 0. 0. 1. 0. 0. 0. 0. 0. 0. 0. 0. 0. 0. 0. 0.]
Distance: 0.6937623461143693

