
Output some example predictions and true values:
1 are zero predictions

Correct predicted:
[[7.78625404e-02 1.92235530e-01 1.05691762e-02 8.77104198e-01
  6.78750914e-02 2.97001451e-02 1.00000000e+00 1.58606185e-01
  4.35379669e-02 4.92906828e-02 5.37170143e-02 1.62397175e-01
  4.22066254e-02 1.00870400e-01 4.18320935e-02 7.25476498e-02
  1.08429063e-01 2.06743229e-02 1.21182884e-03]
 [7.75069226e-02 7.94455500e-02 8.35311119e-03 2.86767245e-01
  5.64102013e-02 1.85300616e-02 1.00000000e+00 9.23776996e-02
  6.26183835e-02 5.81073071e-01 6.00133627e-02 1.26711352e-02
  2.78787886e-02 1.04152688e-01 3.60180028e-02 2.49055004e-02
  1.69351605e-01 2.46138056e-02 2.28020474e-03]
 [6.57604892e-02 7.60469098e-02 3.76204954e-02 1.98305296e-01
  8.12457196e-02 8.52821102e-02 1.00000000e+00 4.05911053e-02
  8.16191058e-02 7.80266274e-02 6.04305473e-02 4.87383780e-02
  5.99895890e-02 5.75290408e-01 2.72689440e-02 8.74782675e-02
  1.48264599e-01 2.80933892e-02 4.42761800e-03]
 [8.79692002e-02 4.27514788e-02 1.77655807e-02 2.15189613e-01
  1.13923111e-01 3.44693292e-02 1.00000000e+00 4.66829999e-02
  4.34610794e-02 2.07985128e-02 8.80713339e-02 2.84425202e-02
  3.90053584e-02 7.52880744e-01 4.85810132e-02 7.29382294e-02
  1.62779482e-01 1.28227636e-02 1.53238839e-02]
 [1.89505278e-02 2.04922167e-02 3.91392710e-03 2.33893197e-01
  2.89769111e-02 1.00000000e+00 7.93020119e-02 4.25500947e-02
  3.93136092e-02 6.04600808e-02 3.36179987e-02 5.85553365e-02
  2.19362035e-02 5.50054869e-02 3.61199492e-02 3.59298274e-02
  1.71054380e-02 1.42177810e-02 2.29250983e-03]
 [8.83806444e-01 1.42730218e-01 2.75409705e-02 8.45396219e-01
  5.62203245e-01 1.65171196e-02 4.64948574e-01 6.70909219e-02
  5.55909796e-01 5.82459699e-02 4.61618971e-02 2.42225639e-02
  3.82517261e-02 1.85896415e-01 5.71806872e-02 4.66707441e-03
  1.10428378e-01 4.12975726e-02 1.06025951e-02]
 [7.67327067e-02 9.45708281e-02 4.86874358e-02 9.82482699e-01
  1.38987830e-01 1.08882070e-01 5.14691802e-01 7.69089311e-02
  5.27435779e-02 4.45656072e-02 3.23036528e-02 6.85363068e-01
  6.22636112e-02 7.84574284e-01 2.41146867e-02 3.19693223e-02
  7.96941784e-02 6.72466490e-02 9.06126444e-02]
 [1.58028487e-01 1.70691152e-01 5.61383352e-02 9.83470991e-01
  2.70509902e-01 7.30602744e-02 6.33942868e-01 2.57156672e-02
  3.51939963e-02 5.00489761e-02 5.68553612e-02 1.42733729e-01
  1.53873900e-01 7.90427576e-01 3.70510772e-02 1.46568482e-02
  1.17602874e-01 9.40034507e-02 1.96913249e-01]
 [5.10059473e-02 7.88216800e-02 1.55229744e-02 1.37278539e-01
  5.18257244e-02 9.30414117e-02 1.00000000e+00 5.48918569e-01
  2.97280715e-02 5.58921484e-02 7.17729093e-02 1.13425318e-02
  3.67980757e-02 8.02058460e-02 4.19513482e-02 3.50432741e-01
  1.06144955e-01 7.02008397e-03 5.08972534e-02]
 [1.60033055e-01 1.30737345e-01 2.90348000e-02 8.88277750e-01
  1.88202056e-01 3.60107505e-02 1.00000000e+00 8.02638177e-02
  6.42903658e-02 4.95584562e-02 6.88796507e-02 7.91324379e-02
  9.26544783e-02 6.74332527e-01 8.99538515e-02 5.13005316e-02
  2.11922639e-01 4.51229726e-02 4.54987297e-02]
 [1.23423538e-01 1.21723080e-01 1.10127683e-01 9.45954186e-01
  1.92821614e-01 5.86016677e-02 6.33956580e-01 4.63193502e-01
  5.34695959e-02 3.89159182e-02 4.59062941e-02 5.54645067e-01
  8.57902200e-02 6.91513073e-01 3.95849839e-02 5.36285697e-02
  1.61539124e-01 6.49518595e-02 1.44140390e-01]
 [5.10349023e-01 6.76429594e-01 9.79573346e-01 4.42322357e-01
  1.48680598e-02 1.16887527e-01 9.83515439e-02 9.83622852e-01
  1.31678958e-01 7.13689281e-03 1.59558693e-02 3.25535671e-02
  1.71672269e-02 4.16192475e-02 7.48123853e-02 1.50398809e-02
  2.55791375e-02 1.74768002e-03 2.48646200e-03]
 [1.16365125e-01 2.14788182e-01 8.95134555e-01 9.80505039e-01
  5.79197687e-02 7.67144007e-02 3.87988873e-01 7.77355884e-01
  1.27055403e-01 6.21386320e-02 6.20085074e-02 5.32644852e-02
  3.84018510e-02 1.06602639e-01 6.40313828e-02 9.10596603e-02
  1.23530726e-01 3.26369910e-02 8.00177515e-03]
 [9.44285889e-01 9.55033788e-02 2.48191238e-02 9.64748010e-01
  2.18608181e-01 1.21509577e-02 3.41606483e-01 4.53200372e-02
  1.51431211e-01 2.23859866e-02 7.80142261e-02 1.20424847e-02
  4.66112166e-02 1.80465594e-01 7.23998845e-02 4.13047057e-03
  1.81019751e-01 6.64869315e-03 1.17011886e-03]
 [3.99800843e-02 1.02700382e-02 3.12421963e-02 1.58585458e-01
  1.98442299e-02 1.00000000e+00 1.06002226e-01 7.35580417e-03
  3.67135723e-02 2.79112970e-03 1.21125208e-01 2.95500250e-02
  1.84614809e-02 2.99502729e-02 5.98938915e-02 6.56845060e-02
  4.15090535e-02 5.19808705e-04 1.14706020e-03]
 [3.87443981e-01 1.76120543e-01 2.52221145e-02 1.00000000e+00
  2.56140042e-01 2.75614678e-02 4.11694869e-01 7.70657945e-02
  8.43310168e-02 1.53049089e-02 1.29943806e-01 3.64851697e-02
  9.25845208e-02 2.51970559e-01 1.25508625e-01 7.69093823e-02
  3.25538829e-01 1.56330302e-02 3.67727143e-02]
 [6.72010979e-02 6.81189719e-01 9.69049131e-01 8.16218965e-01
  2.09193383e-02 4.30539009e-02 1.41257169e-01 9.84824463e-01
  5.79049723e-01 6.93479468e-03 2.74999637e-02 5.98446447e-02
  1.42719819e-02 8.88003575e-02 7.86474944e-02 4.91728689e-02
  2.85561096e-02 1.48414270e-03 1.17273870e-02]
 [1.00000000e+00 1.55651926e-01 2.66168659e-02 4.33583187e-01
  8.30738884e-01 4.71182125e-02 4.15687939e-01 6.49560669e-02
  5.66059089e-02 3.86669372e-02 3.97003560e-02 1.31368579e-02
  7.41174943e-02 1.28060301e-01 4.46433313e-02 4.81016838e-02
  8.96245921e-01 2.91539215e-02 8.42105964e-03]
 [2.70744809e-01 2.15062276e-01 9.63554459e-02 9.80659026e-01
  2.22068164e-01 3.64003034e-02 6.07812489e-01 1.46063898e-01
  8.53455446e-02 4.29494351e-02 1.11579276e-01 7.35682987e-02
  1.08909531e-01 2.52754797e-01 1.56595527e-01 6.76945408e-02
  2.72519829e-01 6.15157163e-02 5.96330647e-02]
 [5.75115934e-02 1.95806844e-01 4.83644765e-01 8.03696115e-01
  1.08531827e-01 1.18897552e-01 3.33790346e-01 7.44872759e-01
  4.55306718e-01 2.68052355e-02 4.53959409e-02 1.60882244e-01
  7.73261309e-02 1.86361726e-01 6.16853002e-02 9.69402028e-02
  7.67033791e-02 3.86186719e-02 8.72275590e-02]
 [1.02631081e-01 9.51693603e-02 1.47307290e-02 3.60339064e-01
  1.59892354e-01 4.92149695e-02 1.00000000e+00 3.81805896e-02
  3.12061644e-02 4.60177249e-02 4.52725552e-02 5.72214687e-02
  6.27585244e-02 6.05542813e-01 4.58554265e-02 9.36298977e-02
  1.07182215e-01 9.33181953e-02 1.30901159e-01]
 [1.32301269e-01 1.15155849e-01 1.31566556e-01 1.00000000e+00
  1.30495311e-01 7.91097072e-02 5.81852614e-01 1.60244071e-01
  6.76427118e-02 4.86222049e-02 1.48264576e-01 3.54271051e-01
  6.66025107e-02 7.42216287e-01 6.45168663e-02 2.06771312e-01
  1.60167489e-01 4.57357583e-02 3.89187500e-02]
 [6.75317098e-01 6.53751037e-01 2.49685294e-01 1.00000000e+00
  1.04284344e-01 5.73203975e-02 3.37689131e-01 1.40750731e-01
  1.04037425e-01 1.92621433e-02 8.24181677e-02 4.18682761e-02
  8.86554668e-02 1.08276312e-01 1.33222389e-01 1.09524708e-01
  2.00857348e-01 1.48299280e-02 2.01421481e-02]
 [0.00000000e+00 1.44927536e-02 0.00000000e+00 4.99654934e-01
  1.05590062e-01 1.00000000e+00 1.66321601e-01 1.44927536e-02
  0.00000000e+00 0.00000000e+00 0.00000000e+00 6.07315390e-02
  1.44927536e-02 1.58730159e-02 0.00000000e+00 1.44927536e-02
  3.03657695e-02 0.00000000e+00 0.00000000e+00]
 [1.64421207e-01 1.22404438e-01 4.18411973e-02 9.25958562e-01
  2.01294179e-01 6.84022287e-02 9.95710200e-01 6.49611931e-02
  3.94829892e-02 4.94048158e-02 5.66028965e-02 1.19100883e-01
  9.22614344e-02 6.40296968e-01 6.52224597e-02 1.68042955e-01
  1.77750451e-01 7.46129164e-02 1.25325833e-01]
 [1.72345961e-01 7.51828288e-02 9.24677444e-03 1.00000000e+00
  2.36894491e-01 6.51146607e-02 8.26969543e-01 4.13629541e-02
  9.69669223e-02 1.96124909e-02 2.08131961e-01 3.41873502e-02
  8.37808506e-02 1.47829782e-01 9.59769718e-02 2.73600911e-02
  1.92297209e-01 5.43120966e-03 6.83536194e-03]
 [1.94444481e-01 1.10036975e-01 2.54245598e-02 2.62120666e-01
  2.40380287e-01 1.97015325e-02 9.49824825e-01 6.66842063e-02
  5.53601039e-02 1.88965425e-02 8.69033633e-02 3.32468635e-02
  7.91784339e-01 1.25882120e-01 1.06569457e-01 1.18535967e-01
  9.33585332e-01 1.54415569e-02 2.59462207e-02]
 [4.20729264e-03 1.01727847e-02 0.00000000e+00 1.49044639e-01
  5.11601190e-02 1.00000000e+00 2.94902939e-01 8.84747886e-03
  8.92577513e-03 6.27620639e-03 1.50260451e-03 1.57480668e-02
  1.38419924e-02 9.85803323e-02 1.50260451e-03 1.60256320e-02
  3.31961472e-02 4.46288757e-03 1.41848909e-02]
 [1.00822450e-01 4.97681258e-02 6.16420982e-03 7.35326671e-01
  8.24684210e-02 3.41866601e-02 1.00000000e+00 1.56510839e-02
  2.90409092e-02 3.12296279e-02 3.94251721e-02 2.36667402e-02
  1.53365715e-02 7.45686631e-01 1.64664907e-02 1.17155790e-02
  6.20492471e-02 2.61395868e-02 6.61360310e-03]
 [1.73260783e-01 7.28122167e-02 7.57747049e-02 7.35869618e-01
  8.62741677e-02 4.00855355e-02 1.00000000e+00 6.31763577e-02
  1.00047178e-01 3.67535769e-02 8.69808919e-02 5.23851552e-01
  5.39423231e-02 5.52558730e-01 1.00672312e-01 2.18987298e-02
  5.40709496e-02 1.80911689e-02 1.45086029e-04]]
[[0.13772663 0.18244109 0.02191882 0.49282927 0.2184371  0.04084175
  1.         0.07533931 0.35973029 0.07331188 0.0557918  0.11630756
  0.1345024  0.68888749 0.06796994 0.02425545 0.19296877 0.10418275
  0.10513583]
 [0.1582722  0.1567974  0.05205671 1.         0.2305864  0.03028678
  0.62140197 0.0594696  0.05964481 0.02505739 0.10608032 0.19237055
  0.13750704 0.42085508 0.05907101 0.00772825 0.15030239 0.0566531
  0.15594826]]
[0.25728214 0.22570038 0.08436115 0.54919636 0.22258446 0.10635671
 0.6632761  0.16040544 0.13002457 0.06790792 0.12449813 0.08542833
 0.11104667 0.28962168 0.1226041  0.11183029 0.30037037 0.06322075
 0.0447869 ]
[0. 0. 0. 1. 0. 0. 1. 0. 0. 0. 0. 0. 0. 0. 0. 0. 0. 0. 0.]
Distance: 0.8467599553889665

False predicted:
[[5.25014185e-02 1.89406032e-01 1.00000000e+00 6.98669327e-01
  2.50951106e-02 2.11802419e-02 1.06941842e-01 6.88373643e-01
  1.02766269e-01 1.47028791e-02 4.14601705e-02 4.95464675e-02
  3.78517605e-01 4.11726161e-02 6.08060144e-02 4.68334265e-01
  2.87956650e-02 3.64491278e-03 1.81795293e-02]
 [3.36621424e-01 5.82151394e-01 3.72588203e-02 1.00000000e+00
  1.95040173e-01 2.00605247e-02 4.31534934e-01 1.04656239e-01
  9.24800185e-02 2.71128044e-02 1.07941118e-01 3.30980720e-02
  7.12317004e-02 6.46792334e-01 1.41881125e-01 6.80748297e-02
  2.91869603e-01 1.66240444e-02 1.44179847e-02]
 [1.60479104e-01 7.19100013e-01 9.59320523e-01 4.82716917e-01
  6.60118190e-02 9.32044815e-02 2.49509957e-01 9.60919102e-01
  2.13527517e-01 2.05334788e-02 4.97596000e-02 5.68120059e-02
  4.31888640e-02 1.27799300e-01 5.46994497e-01 1.00635486e-01
  9.33776245e-02 8.06110724e-03 2.17031546e-02]
 [1.12081296e-01 6.33709913e-01 4.42233396e-02 9.58600598e-01
  9.16820373e-02 3.31164388e-02 9.91775952e-01 5.17203820e-02
  5.86385803e-02 5.24593310e-02 4.29376234e-02 2.18209151e-02
  5.77951283e-02 1.60204501e-01 5.23072778e-02 1.72631416e-02
  1.58108989e-01 1.64093934e-02 9.70047297e-03]
 [1.39618358e-01 1.32452468e-01 1.00000000e+00 1.64808528e-01
  1.56164931e-02 1.00523703e-02 5.55802017e-02 8.66417971e-01
  1.94895882e-01 1.33634790e-03 2.32626395e-02 2.46833837e-02
  1.82453026e-02 5.55696086e-02 1.26628696e-01 7.25354930e-02
  4.01489047e-02 1.74731598e-03 5.53580584e-03]
 [3.15513680e-01 1.33741508e-01 2.35325469e-02 1.00000000e+00
  7.84967871e-01 1.38307661e-01 3.54591800e-01 5.12672562e-02
  9.37844374e-02 2.78426639e-02 1.05073448e-01 8.30688219e-02
  5.25845140e-02 1.72185207e-01 8.54832881e-02 5.49619350e-02
  2.20216633e-01 3.65209628e-02 1.64873500e-02]
 [1.23744100e-01 2.84935148e-01 8.16820675e-01 8.34384322e-01
  6.56506506e-02 9.34588339e-02 2.96661707e-01 8.77512462e-01
  1.93273387e-01 1.48183046e-02 3.85338569e-02 1.08493739e-01
  4.80995780e-02 1.34086467e-01 9.63099103e-02 1.26785172e-01
  1.02448510e-01 1.36870972e-02 2.56310535e-02]
 [2.05762383e-01 7.18621228e-01 6.57774564e-01 1.00000000e+00
  1.24415561e-01 4.34477843e-02 3.41477128e-01 7.28906097e-01
  2.40239261e-01 2.33091074e-02 7.03002331e-02 4.81484041e-02
  6.34338123e-02 1.45119251e-01 1.38371155e-01 4.69385295e-02
  1.45622377e-01 2.47104922e-02 3.53192402e-02]
 [7.81043193e-01 6.32589561e-01 7.94274807e-02 4.98786624e-01
  2.46089659e-01 4.56094228e-02 9.67927563e-01 1.03225955e-01
  7.33304095e-02 5.73169631e-02 8.45599318e-02 4.35762293e-02
  1.05950101e-01 1.97709581e-01 1.80252009e-01 1.09692644e-01
  7.85155278e-01 5.53339818e-02 2.81481882e-02]
 [3.05740729e-01 1.47351985e-01 3.88152596e-02 1.00000000e+00
  1.57972584e-01 3.02352434e-02 4.46688386e-01 8.11376441e-01
  1.32063322e-01 1.47542995e-02 1.77099725e-01 6.91167989e-02
  9.92093895e-02 1.60756084e-01 1.43069856e-01 2.20264332e-01
  3.15579418e-01 3.89747968e-02 3.71717195e-02]
 [6.76064324e-02 3.40697386e-02 1.24054619e-02 1.00000000e+00
  4.45472181e-02 2.39719946e-01 1.89699880e-01 2.25178943e-02
  9.68637296e-03 4.10269984e-03 2.08154060e-02 4.81801217e-02
  1.84151400e-02 1.21615550e-01 8.93329804e-03 1.49982392e-01
  5.03018559e-02 6.88194812e-03 1.58092329e-02]
 [2.17198993e-02 4.84403724e-02 1.00000000e+00 1.75251350e-01
  1.75893470e-02 5.16510119e-02 4.47215636e-02 7.75147864e-01
  6.34219594e-02 2.35573903e-03 1.47979595e-02 5.19530388e-02
  1.05563678e-02 2.62131013e-02 6.30804551e-02 2.34060208e-01
  1.61760747e-02 5.28706994e-02 1.84427572e-02]
 [1.51357871e-01 2.01612602e-01 9.56350265e-01 7.95613261e-01
  4.75904762e-02 2.65942587e-02 1.33075866e-01 7.53048796e-01
  1.34987000e-01 7.64840195e-03 2.78856362e-02 6.05066329e-02
  5.49319550e-01 4.32307159e-02 9.45168243e-02 9.71061374e-02
  5.20294591e-02 6.88621258e-03 1.44358457e-02]
 [5.63288787e-02 4.18183389e-02 4.44348429e-02 1.00000000e+00
  2.58126642e-02 6.89057552e-01 1.09413809e-01 5.04840530e-02
  1.21939455e-02 3.09859993e-03 1.55871594e-02 1.03314081e-01
  9.18217483e-03 6.28403104e-02 1.05979086e-02 5.97241286e-02
  2.86321608e-02 3.99569694e-03 8.59825133e-03]
 [1.45719862e-01 1.47094073e-01 1.48443841e-02 9.50730819e-01
  8.66968502e-02 1.77117962e-02 1.00000000e+00 8.23964809e-02
  1.05784750e-01 1.62356181e-02 5.90736223e-02 5.16875583e-02
  4.60963451e-02 7.14226532e-01 1.11056208e-01 4.30449392e-02
  1.77856431e-01 1.10398462e-02 3.41194968e-03]
 [2.92749823e-01 1.96843937e-01 5.07482454e-02 4.27757443e-01
  2.19984220e-01 4.76287485e-02 1.00000000e+00 1.04174917e-01
  1.25419741e-01 4.72199171e-02 1.22196687e-01 5.66416266e-02
  1.23096151e-01 2.02981419e-01 1.61299114e-01 6.37457741e-02
  3.27422740e-01 2.79158882e-02 2.36258688e-02]
 [3.21243926e-01 1.70432803e-01 2.87332730e-02 3.66915727e-01
  7.83220400e-01 3.32510592e-02 1.00000000e+00 5.65580661e-02
  4.07077688e-02 7.18399198e-02 6.30472801e-02 8.89181654e-02
  6.08011837e-02 6.47176990e-01 5.91928736e-02 7.86363352e-02
  7.88947981e-01 1.62415326e-02 4.44623520e-02]
 [9.34443417e-01 7.67807752e-01 3.69136064e-02 5.98179734e-01
  2.34652741e-01 2.84878026e-02 7.15763801e-01 7.57878660e-01
  1.10133524e-01 3.76557949e-02 1.03601351e-01 4.69228562e-02
  1.37513674e-01 2.95266386e-01 1.13877244e-01 7.78236617e-02
  3.73210050e-01 2.97672653e-02 2.98684021e-02]
 [1.84698720e-01 1.28007380e-01 3.71011543e-02 4.40672504e-01
  1.72479898e-01 1.71905433e-02 1.00000000e+00 1.05578259e-01
  1.03481335e-01 4.43082262e-02 8.37302128e-02 4.90673452e-02
  1.07919876e-01 6.63934641e-01 8.29269574e-02 3.90379347e-02
  6.56208510e-01 3.19741574e-02 2.24922677e-02]
 [1.04384486e-01 8.23170958e-02 1.03825840e-02 8.55653159e-01
  8.52111554e-02 3.25503554e-02 9.94444444e-01 9.68383338e-02
  1.67338912e-01 2.70749615e-02 6.87192431e-02 1.35386748e-01
  5.91972192e-02 2.41014916e-01 5.23395378e-02 3.12113452e-01
  1.60103530e-01 5.73340101e-02 1.50288194e-02]
 [4.76217933e-02 3.03049895e-02 3.34726625e-02 1.00000000e+00
  2.27449053e-02 2.64171712e-01 9.44199558e-02 3.93348505e-02
  1.91852739e-02 1.51632702e-02 9.71361772e-03 7.17981463e-02
  1.19656952e-02 3.20561103e-02 7.58163512e-03 1.01668217e-01
  2.38310748e-02 2.71542361e-03 7.24112962e-04]
 [6.64471553e-02 5.76174272e-01 1.00000000e+00 6.65721575e-01
  2.41050368e-02 1.31738360e-02 1.07789772e-01 9.79138695e-01
  8.59164621e-02 5.93424245e-03 4.36525822e-02 5.30879657e-01
  2.20868940e-02 2.08306597e-02 1.70102886e-02 4.88211999e-03
  4.87934643e-02 4.99494177e-03 1.08257355e-02]
 [6.71801491e-02 6.60814020e-01 9.88711405e-01 8.23751708e-01
  6.73291289e-02 7.86795639e-02 3.05400098e-01 9.20741460e-01
  5.95059525e-01 1.87084811e-02 5.64657930e-02 8.66563027e-02
  4.87491400e-02 1.25626664e-01 7.22950587e-02 1.84734370e-01
  7.00419795e-02 1.18326660e-02 1.63087300e-02]
 [9.90429225e-01 2.48547030e-01 4.12585767e-02 3.13172351e-01
  1.61713353e-01 3.65746112e-02 4.53041757e-01 8.82360880e-02
  8.51054040e-02 4.18173977e-02 9.55189143e-02 2.45738201e-02
  8.98117471e-02 1.35074458e-01 8.59478387e-01 6.52059319e-02
  9.41583038e-01 3.29004478e-02 1.96785390e-02]
 [9.75961538e-01 9.85238312e-01 1.67911151e-01 2.24226477e-01
  5.59840853e-02 2.07453895e-01 3.62192314e-01 2.18439138e-01
  1.22476128e-01 2.92911856e-02 5.66573670e-02 4.31972163e-02
  4.06655243e-02 6.69953947e-02 8.92640128e-01 1.92921462e-01
  1.44016891e-01 5.50229660e-02 1.06264036e-02]
 [2.75261555e-01 1.03459103e-01 1.36634871e-02 4.07830730e-01
  1.77868912e-01 6.90996191e-02 1.00000000e+00 4.59376935e-02
  1.03189088e-01 1.61293454e-02 1.34873130e-01 7.47031307e-02
  9.78154802e-02 1.95449164e-01 1.34328635e-01 5.85466456e-02
  2.53244272e-01 6.35442989e-03 2.38374636e-02]
 [3.03157451e-01 1.84928671e-01 3.36199281e-02 4.29784942e-01
  2.25852970e-01 3.99387407e-02 1.00000000e+00 9.18902119e-02
  8.40839924e-02 4.73665945e-02 9.02564636e-02 3.22343722e-02
  1.16934693e-01 2.33916853e-01 1.13833856e-01 1.09804078e-01
  3.83515658e-01 4.82058560e-01 2.26143963e-02]
 [8.75678703e-01 7.54530250e-01 3.22551347e-02 3.14610655e-01
  1.54582610e-01 3.71051527e-02 5.74802832e-01 6.21586224e-02
  8.88733271e-02 5.46654707e-02 1.21311634e-01 3.78270008e-02
  1.33135138e-01 2.34449805e-01 2.22216541e-01 5.84777746e-02
  9.29158491e-01 5.47061813e-02 2.80731515e-02]
 [2.85527945e-01 7.29986462e-01 9.33828333e-02 4.08060387e-01
  1.46809123e-01 7.44232969e-02 1.00000000e+00 1.34754878e-01
  1.16922401e-01 6.48815948e-02 1.01613623e-01 5.14616315e-02
  1.24037683e-01 1.52374658e-01 7.20311622e-01 6.16269856e-02
  3.09071042e-01 8.71349295e-02 2.50975375e-02]
 [2.79555683e-01 1.75433643e-01 6.77885903e-02 9.78346457e-01
  1.47267252e-01 3.86040039e-02 3.39896039e-01 7.36882906e-01
  6.87181353e-01 2.26103329e-02 1.02787187e-01 3.78376010e-02
  6.58892617e-02 1.51311298e-01 1.31469761e-01 8.53726514e-02
  2.33218792e-01 1.38832844e-02 1.24978403e-02]]
[[0.39006398 0.81295291 0.15897087 0.59693172 0.18140494 0.16097084
  0.61313528 0.23558431 0.18225991 0.07847324 0.14061645 0.07698459
  0.110318   0.19011647 0.7217547  0.14207027 0.30673026 0.05435445
  0.06138422]
 [0.18321146 0.11802055 0.01307792 0.23334921 0.16665783 0.10079876
  1.         0.05468658 0.05143791 0.51221165 0.07254547 0.02913456
  0.53597489 0.15975839 0.08147784 0.12635985 0.75919867 0.53070375
  0.00697558]]
[0.41466007 0.3606729  0.07358497 0.5397282  0.25303355 0.08234632
 0.59950477 0.19209518 0.16745417 0.08083915 0.16546085 0.06022453
 0.13036443 0.24074794 0.20500349 0.10148735 0.37437356 0.06701699
 0.04330993]
[0. 0. 0. 1. 0. 0. 1. 0. 0. 0. 0. 0. 0. 0. 0. 0. 0. 0. 0.]
Distance: 1.2901609822613354

False predicted:
[[0.02330424 0.01108092 0.01219886 0.07592306 0.01863364 1.
  0.20760176 0.01101799 0.01084997 0.0180406  0.03528127 0.00445303
  0.01340864 0.06309087 0.00693617 0.00132558 0.0399041  0.00983266
  0.00132558]
 [0.79203637 0.14199349 0.01858706 0.23125771 0.10693823 0.06814499
  1.         0.05476295 0.06510571 0.0796609  0.06054913 0.0290857
  0.11673144 0.12963662 0.10964854 0.04073475 0.8072626  0.05365182
  0.013274  ]
 [0.15410596 0.07676509 0.01776877 1.         0.25445334 0.02806924
  0.44134883 0.05759296 0.08407898 0.03567269 0.05488782 0.03354159
  0.08181269 0.73441587 0.10171097 0.03121072 0.24452583 0.00857437
  0.02564234]
 [0.11800408 0.12823876 0.03948665 0.3249019  0.09951049 0.05732489
  1.         0.09210271 0.59440344 0.05444469 0.05864522 0.0362695
  0.07512743 0.2174132  0.04851324 0.04913716 0.15568803 0.02904987
  0.01311052]
 [0.11642277 0.09749023 0.04866314 1.         0.091725   0.09368846
  0.44758207 0.13249742 0.05461637 0.03146732 0.08471344 0.04110044
  0.04687193 0.16305621 0.06636579 0.07459536 0.12494502 0.01199432
  0.01115995]
 [0.09427357 0.06472867 0.00822341 0.85051184 0.09508775 0.01530892
  1.         0.03741341 0.07036216 0.0296034  0.05650128 0.02468072
  0.05769814 0.65435992 0.05436216 0.07597805 0.16807319 0.013777
  0.00868426]
 [0.1743281  0.13846602 0.02160902 0.3368765  0.14128993 0.03648874
  1.         0.0553514  0.0894291  0.03775119 0.12164517 0.02485399
  0.6515971  0.16154963 0.15558036 0.01972042 0.80735785 0.01996059
  0.01283411]
 [0.79880914 0.18508686 0.03716826 0.28168023 0.1732925  0.02410855
  1.         0.06374554 0.09799476 0.07692952 0.10822122 0.02624546
  0.08264974 0.19234889 0.15478294 0.03836386 0.32671206 0.49764258
  0.02851687]
 [0.21042705 0.12912158 0.02213811 1.         0.13160267 0.02036508
  0.31635303 0.09935703 0.72104589 0.029271   0.07955679 0.02588228
  0.10423509 0.12546026 0.11041182 0.05554629 0.24450935 0.01362718
  0.03064568]
 [0.92883817 0.24117783 0.09726632 0.23706315 0.69058749 0.04877686
  0.96510341 0.06149733 0.13094434 0.05729773 0.0798651  0.02462152
  0.07809757 0.10353292 0.19396328 0.02818694 0.25686967 0.04910524
  0.01171662]
 [0.07623217 0.03903524 0.01138752 0.8090319  0.1681194  0.02776112
  1.         0.01925515 0.02768473 0.03143375 0.04855928 0.02020667
  0.06025845 0.66690703 0.04096234 0.02613071 0.15929653 0.01961316
  0.01553717]
 [0.08727213 0.69981927 0.95404193 0.87302597 0.02450593 0.05032077
  0.05553045 0.86113885 0.59281319 0.00804046 0.02866604 0.05137267
  0.0104828  0.4435741  0.05310533 0.02150244 0.02957905 0.0035729
  0.00379728]
 [0.19391999 0.11097494 0.02428856 0.27792513 0.11574625 0.02966412
  1.         0.04755327 0.0447352  0.09458383 0.0760971  0.03025769
  0.07629162 0.11718844 0.07271128 0.07083402 0.19883421 0.0285516
  0.02711719]
 [0.14571986 0.14709407 0.01484438 0.95073082 0.08669685 0.0177118
  1.         0.08239648 0.10578475 0.01623562 0.05907362 0.05168756
  0.04609635 0.71422653 0.11105621 0.04304494 0.17785643 0.01103985
  0.00341195]
 [0.23883886 0.19514535 0.02871453 0.37905219 0.59306297 0.03701243
  1.         0.0880366  0.12460171 0.06205325 0.10065216 0.04516
  0.11572113 0.17104831 0.14217351 0.04817423 0.69976274 0.03939817
  0.03131301]
 [0.88119384 0.20984863 0.03426617 0.4459863  0.74041653 0.03489769
  0.5233966  0.0749384  0.06684188 0.03959304 0.15080608 0.0430021
  0.09685241 0.20970741 0.15404165 0.04194214 0.37460215 0.03035766
  0.01586589]
 [0.16544042 0.14069737 0.03664969 0.87875557 0.11766725 0.06845049
  1.         0.07575154 0.07836046 0.05735992 0.09178474 0.04945838
  0.06725879 0.69790138 0.11877828 0.05032036 0.21374986 0.04082187
  0.02158413]
 [0.61419391 0.53296582 0.02270188 0.36898151 0.2023305  0.02071706
  1.         0.06856813 0.10609218 0.04561541 0.49947907 0.01901146
  0.50353191 0.19413627 0.49900637 0.03539991 0.69833468 0.01825452
  0.00808826]
 [0.26926974 0.13865782 0.01947699 0.44062771 0.25446341 0.02350792
  1.         0.09842318 0.11380465 0.04994456 0.14596142 0.04224898
  0.16902701 0.22186729 0.1261963  0.09740169 0.77391003 0.02870717
  0.02524848]
 [0.96072593 0.74737508 0.03748506 0.35653486 0.174979   0.03194699
  0.49985493 0.09600144 0.11251643 0.06761364 0.14335426 0.02801801
  0.67234706 0.17821987 0.74610803 0.19306211 0.90409925 0.04121097
  0.02196126]
 [0.33364934 0.24714043 0.06731104 0.47421894 0.18849721 0.10417935
  1.         0.13951452 0.12692297 0.50891628 0.1194458  0.04727016
  0.11385078 0.18821191 0.16014635 0.08689606 0.32790612 0.05848471
  0.03920132]
 [1.         0.2337321  0.06000178 0.41307259 0.23936964 0.05044645
  0.50168801 0.10032543 0.6640332  0.02863018 0.65000337 0.02732236
  0.11419861 0.1722077  0.22744305 0.05891143 0.34780234 0.02960798
  0.01433652]
 [0.18180786 0.13426882 0.03962738 0.97797843 0.28262939 0.03479984
  0.70170896 0.09883214 0.07059653 0.07880359 0.06810506 0.02793441
  0.22468538 0.73720059 0.07877927 0.09154984 0.33643757 0.03706694
  0.01157521]
 [0.56383476 0.28747814 0.90152598 0.92407407 0.0683559  0.078877
  0.1770835  0.86285294 0.19637019 0.01245244 0.04024702 0.07601358
  0.02832811 0.08022984 0.07868005 0.03674107 0.08451195 0.00561815
  0.00943703]
 [1.         0.22759868 0.04581401 0.48222336 0.16013587 0.03516019
  0.55842634 0.16555331 0.11608791 0.02801764 0.13453009 0.05530852
  0.12293739 0.22643133 0.84686268 0.21594031 0.35474    0.02425952
  0.02772254]
 [0.32274538 0.17738037 0.03352628 0.56010456 0.25884178 0.05407704
  0.73162901 0.10147476 0.13140765 0.03154619 0.17177845 0.03098042
  0.63366148 0.30949626 0.20040444 0.08375048 0.85914187 0.02179969
  0.03072994]
 [0.87744421 0.20795425 0.02714576 0.29207536 0.13826678 0.06913252
  1.         0.05085217 0.11900916 0.06605326 0.07887999 0.03904556
  0.61602012 0.16430465 0.11271148 0.03548611 0.8075972  0.0344777
  0.01964569]
 [0.27819767 0.15658763 0.02204361 0.33716374 0.76902049 0.02408632
  1.         0.06523936 0.07718696 0.03241873 0.10827386 0.04180217
  0.0707383  0.13231787 0.13789304 0.02895625 0.8626896  0.02506059
  0.0209965 ]
 [0.31679005 0.15040185 0.04533621 0.94115386 0.69207334 0.09545909
  0.57639884 0.10162923 0.09453684 0.04904883 0.09798391 0.12904136
  0.11595607 0.24345239 0.13547454 0.05263682 0.3532608  0.0186508
  0.04013787]
 [0.20775439 0.15085076 0.02588085 0.2730815  0.19766144 0.05046671
  0.57554452 0.10294841 0.09919002 0.0359156  0.12009732 0.03377894
  0.66851887 0.1609996  0.09516457 0.13201166 0.89380827 0.0313838
  0.02437026]]
[[0.18798706 0.14855232 0.03475322 1.         0.10951837 0.04866975
  0.34073181 0.08960716 0.07464069 0.03432095 0.07402443 0.05056568
  0.05897446 0.19970082 0.0968098  0.03126021 0.17761242 0.02054606
  0.00798156]
 [0.1895103  0.12999684 0.01709045 0.20386903 0.10622077 0.0354856
  1.         0.04387779 0.07448776 0.68094186 0.0583474  0.01670055
  0.06985838 0.72317483 0.07824979 0.03416098 0.20856918 0.66442627
  0.01031073]]
[0.44735718 0.29086658 0.06744362 0.52881557 0.26930106 0.06734464
 0.63517386 0.14408423 0.13963336 0.07928217 0.17488387 0.06554493
 0.15408549 0.24979293 0.2046327  0.0882523  0.43535066 0.06242457
 0.03912814]
[0. 0. 0. 1. 0. 0. 1. 0. 0. 0. 0. 0. 0. 0. 0. 0. 0. 0. 0.]
Distance: 1.3987748841873235

False predicted:
[[0.99820348 0.20687489 0.05905392 0.37247909 0.83336482 0.03692159
  0.41166003 0.11843091 0.82453674 0.0331248  0.12809655 0.04790096
  0.1074742  0.17742293 0.17233075 0.11876622 0.27169888 0.0164554
  0.0159504 ]
 [0.70228054 0.54205252 0.02689431 0.3199041  0.21914594 0.0751002
  0.75       0.06123278 0.07985762 0.11279653 0.11263447 0.03249619
  0.15291269 0.5512177  0.42967944 0.14981643 0.75923957 0.08900892
  0.02952485]
 [0.26926974 0.13865782 0.01947699 0.44062771 0.25446341 0.02350792
  1.         0.09842318 0.11380465 0.04994456 0.14596142 0.04224898
  0.16902701 0.22186729 0.1261963  0.09740169 0.77391003 0.02870717
  0.02524848]
 [0.96072593 0.74737508 0.03748506 0.35653486 0.174979   0.03194699
  0.49985493 0.09600144 0.11251643 0.06761364 0.14335426 0.02801801
  0.67234706 0.17821987 0.74610803 0.19306211 0.90409925 0.04121097
  0.02196126]
 [0.18079139 0.15935303 0.01954432 1.         0.14546488 0.02879851
  0.49077293 0.21999789 0.07706255 0.01480472 0.09094661 0.05092966
  0.05980267 0.22289139 0.08577091 0.13980144 0.17413979 0.02102924
  0.0524561 ]
 [0.84093105 0.75884447 0.03683593 0.35795571 0.16608844 0.06099028
  0.69196822 0.07452503 0.13892334 0.09011597 0.13569138 0.0551418
  0.16356014 0.26267509 0.21847347 0.06442578 0.88549843 0.07189181
  0.02950476]
 [0.79357517 0.24352025 0.02792201 0.40053281 0.58306148 0.04147024
  0.96839402 0.06525576 0.08467434 0.07612835 0.1666427  0.04296354
  0.13486744 0.2089043  0.1350633  0.17499543 0.79701737 0.07503919
  0.03985568]
 [0.84760498 0.69590453 0.07820633 0.50077047 0.21257702 0.0466303
  0.60060111 0.13424541 0.1389437  0.0534786  0.18195328 0.04201171
  0.10204507 0.187153   0.67265244 0.05672212 0.36407252 0.03785715
  0.03234531]
 [0.25776513 0.12944011 0.04881996 1.         0.20410038 0.06902915
  0.40496513 0.10353632 0.49473338 0.03461005 0.0884144  0.06520941
  0.06733643 0.59474415 0.52489653 0.07457749 0.21002667 0.02420696
  0.03504811]
 [0.90034914 0.12884908 0.0179486  0.25561029 0.14416836 0.01906455
  0.47412118 0.02890962 0.68714725 0.02786774 0.32508048 0.04133648
  0.12853723 0.19668752 0.13143229 0.03369356 0.99414331 0.01994169
  0.00209419]
 [0.24412162 0.16226277 0.03414601 1.         0.15924793 0.03086748
  0.93419076 0.23436523 0.10501086 0.04858523 0.08096415 0.03797967
  0.08409657 0.68904273 0.10336903 0.07273016 0.25130217 0.01918683
  0.02230754]
 [0.29274982 0.19684394 0.05074825 0.42775744 0.21998422 0.04762875
  1.         0.10417492 0.12541974 0.04721992 0.12219669 0.05664163
  0.12309615 0.20298142 0.16129911 0.06374577 0.32742274 0.02791589
  0.02362587]
 [0.88412859 0.72520457 0.0244238  0.58186347 0.24545112 0.04058699
  0.65541663 0.11069975 0.09758126 0.04531348 0.20717487 0.06463598
  0.1299924  0.27090508 0.14331489 0.14923432 0.36694993 0.04769316
  0.64886372]
 [0.         0.         0.         0.         0.         0.
  0.         1.         0.         0.         0.         0.
  0.         0.         0.         0.         0.         0.
  0.        ]
 [0.90449931 0.19261893 0.02568241 0.35895456 0.20181377 0.03077771
  0.48352747 0.05007207 0.087182   0.01547187 0.2613507  0.03029498
  0.15030206 0.12957903 0.75710997 0.13493575 0.99265175 0.04191311
  0.03016386]
 [0.14865267 0.13711994 0.02287317 1.         0.13053169 0.04132478
  0.55484937 0.20063515 0.08167008 0.04274908 0.06224177 0.44442935
  0.05541502 0.23618943 0.08123064 0.18881329 0.18218682 0.01433317
  0.01764526]
 [0.88709359 0.64199545 0.05076352 0.52745829 0.34314571 0.06260239
  0.75       0.11161226 0.11486591 0.06877509 0.12379    0.06130637
  0.14453233 0.20834203 0.1793969  0.1357843  0.85797783 0.07433989
  0.05993847]
 [0.71368375 0.13799757 0.01912395 0.29207396 0.15642958 0.02547426
  1.         0.09066493 0.0687395  0.06492167 0.09981056 0.01800471
  0.08495313 0.63704689 0.11267107 0.16363977 0.27897218 0.50441008
  0.51020402]
 [0.80475091 0.66791847 0.06002341 0.59264912 0.23181168 0.16119183
  0.64741123 0.11755523 0.11283251 0.0372105  0.19466402 0.08647605
  0.12442449 0.23196386 0.6879056  0.21617217 0.79937873 0.05054197
  0.11048317]
 [0.99258764 0.73727099 0.02436245 0.35433756 0.20873856 0.04018531
  0.41221025 0.09569493 0.10959139 0.05378699 0.10949916 0.0304851
  0.08390982 0.14234849 0.69005169 0.08856426 0.8472755  0.03886423
  0.02524098]
 [0.25940088 0.15282192 0.0506074  0.47965122 0.18324791 0.04189487
  1.         0.13509067 0.10311113 0.05910525 0.11318024 0.05965025
  0.09937992 0.29479189 0.10388871 0.09609554 0.29329351 0.03957796
  0.01822692]
 [0.20775439 0.15085076 0.02588085 0.2730815  0.19766144 0.05046671
  0.57554452 0.10294841 0.09919002 0.0359156  0.12009732 0.03377894
  0.66851887 0.1609996  0.09516457 0.13201166 0.89380827 0.0313838
  0.02437026]
 [0.19261725 0.19319975 0.05466081 0.30219105 0.14276247 0.03421212
  1.         0.10008984 0.12513251 0.03698026 0.0725072  0.06603292
  0.07289891 0.1425972  0.10329226 0.05791098 0.23664525 0.02638573
  0.04119573]
 [0.20845929 0.20273318 0.12948013 0.96532156 0.12750331 0.05059261
  0.44654916 0.77247796 0.15754383 0.02831349 0.09092727 0.03004162
  0.08299922 0.16196249 0.54945865 0.06919606 0.21373104 0.01812407
  0.01704358]
 [0.96997351 0.87686334 0.01743839 0.28550144 0.18029164 0.13214564
  0.49148675 0.04971527 0.10934726 0.06707937 0.10077889 0.04897774
  0.08370326 0.14768254 0.10657274 0.05409509 0.94983345 0.04888333
  0.01418153]
 [0.90841814 0.13123674 0.0266434  0.39453114 0.26688802 0.0450601
  0.99219135 0.04514174 0.04229002 0.01831305 0.06380637 0.03778722
  0.05292965 0.14723179 0.07551814 0.08226495 0.26069809 0.02311036
  0.03985222]
 [0.91528177 0.37911192 0.05193408 0.55878566 0.35571164 0.05589436
  0.96116402 0.15157504 0.09065715 0.03407138 0.12238121 0.04027702
  0.4984577  0.18186081 0.16308354 0.08847528 0.8481704  0.02682971
  0.05081099]
 [0.95873576 0.81938427 0.03058364 0.30286242 0.18974659 0.066538
  0.56187003 0.06917818 0.69940503 0.06983519 0.11695471 0.02869844
  0.08595552 0.18208621 0.14122734 0.06209409 0.88127531 0.04732979
  0.01472388]
 [0.24430614 0.13443611 0.04897292 1.         0.15586526 0.05076873
  0.32108326 0.14269638 0.0763117  0.01978586 0.10063596 0.02892523
  0.09298086 0.1799917  0.10951419 0.15773287 0.22736993 0.01363703
  0.0271223 ]
 [0.09345423 0.11645285 0.03174369 0.94707329 0.1160832  0.04383906
  0.95354533 0.05112457 0.05220996 0.02548529 0.03730891 0.02588759
  0.05144311 0.18887521 0.04820242 0.02070613 0.14997417 0.00880841
  0.00987905]]
[[0.33844047 0.76013391 0.12311074 1.         0.1887817  0.08902753
  0.54936659 0.6076573  0.12897463 0.059078   0.11882029 0.08025826
  0.06984186 0.17485567 0.20154954 0.12961029 0.26810949 0.0513543
  0.04811774]
 [0.17947673 0.10557329 0.04956486 1.         0.12243791 0.08677842
  0.37513947 0.10245731 0.09153285 0.02395273 0.10123876 0.03850208
  0.06466074 0.51277859 0.077466   0.04230656 0.14247534 0.01356331
  0.02775736]]
[0.47571388 0.28781998 0.07578104 0.5527706  0.27965093 0.07094346
 0.63797563 0.14841622 0.14321911 0.08082552 0.17119549 0.0614522
 0.1512709  0.2467988  0.20972577 0.08528794 0.43320978 0.06624838
 0.04083276]
[0. 0. 0. 1. 0. 0. 1. 0. 0. 0. 0. 0. 0. 0. 0. 0. 0. 0. 0.]
Distance: 1.153637842972983

False predicted:
[[0.26456221 0.12970191 0.0107518  1.         0.1907105  0.02351441
  0.52009075 0.15933413 0.0720598  0.02615862 0.07393032 0.03872014
  0.09869116 0.62536985 0.08218561 0.06686067 0.30280778 0.00650774
  0.01850439]
 [0.88119384 0.20984863 0.03426617 0.4459863  0.74041653 0.03489769
  0.5233966  0.0749384  0.06684188 0.03959304 0.15080608 0.0430021
  0.09685241 0.20970741 0.15404165 0.04194214 0.37460215 0.03035766
  0.01586589]
 [0.24375523 0.20048914 0.05996557 1.         0.14417488 0.03602256
  0.41880799 0.14691715 0.1071664  0.01622351 0.08219974 0.02760511
  0.07258699 0.20082452 0.08845594 0.12570762 0.21515004 0.01492538
  0.01679699]
 [0.14826708 0.08509006 0.02369543 1.         0.11906248 0.03981341
  0.43575446 0.06328475 0.04867303 0.0221042  0.04897857 0.026427
  0.04638567 0.78889407 0.06368349 0.06534535 0.13553123 0.03943776
  0.02791552]
 [0.17729897 0.1225809  0.06428226 1.         0.18478366 0.05438388
  0.48792174 0.1084746  0.06175917 0.02409503 0.08348269 0.10012595
  0.09091196 0.247505   0.0920168  0.15364987 0.19485685 0.03302653
  0.05311732]
 [0.56383476 0.28747814 0.90152598 0.92407407 0.0683559  0.078877
  0.1770835  0.86285294 0.19637019 0.01245244 0.04024702 0.07601358
  0.02832811 0.08022984 0.07868005 0.03674107 0.08451195 0.00561815
  0.00943703]
 [0.29274982 0.19684394 0.05074825 0.42775744 0.21998422 0.04762875
  1.         0.10417492 0.12541974 0.04721992 0.12219669 0.05664163
  0.12309615 0.20298142 0.16129911 0.06374577 0.32742274 0.02791589
  0.02362587]
 [0.90449931 0.19261893 0.02568241 0.35895456 0.20181377 0.03077771
  0.48352747 0.05007207 0.087182   0.01547187 0.2613507  0.03029498
  0.15030206 0.12957903 0.75710997 0.13493575 0.99265175 0.04191311
  0.03016386]
 [0.21118838 0.71071578 0.04285579 1.         0.1366649  0.12794879
  0.37061509 0.0766925  0.08769706 0.05093136 0.10445912 0.07315009
  0.06164484 0.14045504 0.11434584 0.08135699 0.18429503 0.05089312
  0.02859724]
 [0.21241891 0.17315375 0.05488852 1.         0.14689685 0.03232518
  0.30848678 0.62413697 0.07941059 0.02123848 0.07172551 0.04421397
  0.09148039 0.18192805 0.07962939 0.07091015 0.16323118 0.02184108
  0.02020595]
 [0.25787131 0.16430427 0.01949961 0.48481178 0.18022585 0.02380303
  0.95419847 0.1104785  0.52433898 0.048108   0.07363884 0.0354406
  0.08092238 0.65907304 0.56141541 0.06719088 0.25745975 0.02554688
  0.01638052]
 [0.96997351 0.87686334 0.01743839 0.28550144 0.18029164 0.13214564
  0.49148675 0.04971527 0.10934726 0.06707937 0.10077889 0.04897774
  0.08370326 0.14768254 0.10657274 0.05409509 0.94983345 0.04888333
  0.01418153]
 [0.06661096 0.03385584 0.00751969 1.         0.14492789 0.04603882
  0.91517261 0.0284332  0.05549501 0.02009443 0.04930826 0.03138066
  0.07016469 0.26743927 0.03431604 0.04400046 0.11494215 0.01137174
  0.00622432]
 [0.2693315  0.19173107 0.06736283 1.         0.16004932 0.02109281
  0.402169   0.61248333 0.1307069  0.03066108 0.07658359 0.04789651
  0.09369422 0.23689704 0.13219781 0.09229631 0.23887105 0.02659623
  0.01039637]
 [0.27925803 0.17756209 0.05081242 0.58242622 0.22328137 0.068208
  0.9957102  0.08493865 0.07418787 0.04073264 0.08729105 0.09978446
  0.0898076  0.63129176 0.11782881 0.10528203 0.28771236 0.03577701
  0.06503517]
 [0.1553803  0.08810403 0.01472682 1.         0.1548771  0.02516285
  0.41037576 0.07656616 0.06087999 0.02898162 0.07718835 0.0366691
  0.06594978 0.78159289 0.06901171 0.05282355 0.21295677 0.01141869
  0.0119449 ]
 [0.24440057 0.13682479 0.06564696 1.         0.2183951  0.0513617
  0.41100235 0.07857584 0.06052749 0.03381304 0.11135862 0.0831331
  0.65771286 0.17046131 0.07760547 0.04289291 0.26294275 0.02610875
  0.03904343]
 [0.05318929 0.04750383 0.0344521  0.1846111  0.03834875 1.
  0.29748398 0.04193917 0.03630063 0.06659908 0.02494862 0.06062374
  0.02252984 0.07235032 0.03121458 0.02146082 0.06760858 0.01908159
  0.00269535]
 [0.24675358 0.16624036 0.03302624 0.51739944 0.15851728 0.04646324
  0.92932818 0.16298423 0.11534122 0.06385419 0.09797559 0.03785172
  0.09092915 0.22210011 0.10278356 0.06471489 0.2420358  0.03951132
  0.03464519]
 [0.15991332 0.07617989 0.03308929 1.         0.12179435 0.01931546
  0.32773856 0.06707859 0.05337263 0.02921991 0.12607528 0.0491938
  0.09315096 0.74100845 0.07704518 0.03082869 0.18841012 0.0122358
  0.03606463]
 [0.24547707 0.96103025 0.08832993 0.40818968 0.0967969  0.05188853
  0.46894534 0.19547898 0.87516342 0.06010421 0.06310593 0.04496371
  0.0855235  0.1691738  0.14622437 0.04967327 0.17465468 0.05242016
  0.02065535]
 [0.05272706 0.05445448 0.01373389 0.18771582 0.07315429 0.1404681
  1.         0.03509238 0.03997287 0.10860108 0.05442424 0.03244866
  0.04540481 0.70578959 0.04560075 0.03405881 0.07952452 0.01576722
  0.0067257 ]
 [0.78489686 0.6559067  0.0737942  1.         0.14591856 0.0847077
  0.5097607  0.11640483 0.10369704 0.04148019 0.08339565 0.04014328
  0.0725419  0.14778576 0.71208761 0.06999404 0.1971586  0.02809424
  0.04671009]
 [0.25851348 0.10186275 0.01183943 0.28720371 0.28206693 0.01972253
  1.         0.05841384 0.05210801 0.04158301 0.06572637 0.05335784
  0.07724393 0.17862888 0.10373269 0.08364984 0.67105368 0.03823926
  0.02589767]
 [0.36783222 0.2293216  0.03566733 0.42490391 0.23703861 0.05609268
  0.63226987 0.07853575 0.08865096 0.0702396  0.16358103 0.06809098
  0.62298261 0.19340539 0.17167782 0.13835641 0.91093062 0.05036048
  0.03605706]
 [0.1408757  0.09661453 0.02840432 0.921875   0.1838598  0.10252957
  0.71465304 0.07376009 0.06787791 0.04946634 0.07029987 0.04723362
  0.10132751 0.29096067 0.05945822 0.10371182 0.24628071 0.01479086
  0.01950784]
 [1.         0.76564174 0.03241568 0.29036166 0.190175   0.04901277
  0.44431927 0.06055751 0.07218854 0.04670643 0.13033651 0.03017212
  0.09012225 0.102612   0.80497422 0.1161846  0.39559169 0.05179034
  0.0439285 ]
 [0.39006398 0.81295291 0.15897087 0.59693172 0.18140494 0.16097084
  0.61313528 0.23558431 0.18225991 0.07847324 0.14061645 0.07698459
  0.110318   0.19011647 0.7217547  0.14207027 0.30673026 0.05435445
  0.06138422]
 [0.19472228 0.14953069 0.04574456 0.98633322 0.15712671 0.03480388
  0.52910584 0.07464565 0.07160685 0.04922106 0.61413225 0.04986102
  0.07827383 0.21397052 0.64651382 0.02354519 0.22416393 0.02080727
  0.01732061]
 [0.19063608 0.56675934 0.02015181 1.         0.74083502 0.03455643
  0.33242625 0.06356583 0.07453776 0.01815571 0.1080185  0.03808414
  0.0628396  0.14911936 0.70245698 0.05404771 0.19512467 0.01534682
  0.01164581]]
[[0.13230127 0.11515585 0.13156656 1.         0.13049531 0.07910971
  0.58185261 0.16024407 0.06764271 0.0486222  0.14826458 0.35427105
  0.06660251 0.74221629 0.06451687 0.20677131 0.16016749 0.04573576
  0.03891875]
 [0.2147309  0.13292171 0.05465017 1.         0.1883263  0.11037758
  0.92094896 0.15214079 0.07325535 0.04602343 0.06652811 0.0858541
  0.07252703 0.21048092 0.06246716 0.12632173 0.208888   0.02508736
  0.06671513]]
[0.44043103 0.29945582 0.07776039 0.5610754  0.2605042  0.0738855
 0.6354411  0.13793197 0.14633578 0.07224688 0.15113288 0.06432179
 0.13612248 0.26257452 0.19221073 0.08382928 0.40674084 0.05990606
 0.04034217]
[0. 0. 0. 1. 0. 0. 1. 0. 0. 0. 0. 0. 0. 0. 0. 0. 0. 0. 0.]
Distance: 1.0968690684342717

