
Output some example predictions and true values:
0 are zero predictions

False predicted:
[[0.09345423 0.11645285 0.03174369 ... 0.14997417 0.00880841 0.00987905]
 [0.13709631 0.09154483 0.01538907 ... 0.2049526  0.01269128 0.02110615]
 [0.20086165 0.15917802 0.02493328 ... 0.26295749 0.02302312 0.01796023]
 ...
 [0.13482937 0.04569796 0.00348913 ... 0.23882106 0.00724751 0.01998854]
 [0.19063608 0.56675934 0.02015181 ... 0.19512467 0.01534682 0.01164581]
 [0.21417547 0.12205611 0.08808971 ... 0.22061097 0.03898405 0.03096967]]
[[0.2006411  0.14070977 0.05898166 1.         0.15969875 0.06561486
  0.93104539 0.09652385 0.08115619 0.02310064 0.08132746 0.1196673
  0.07828114 0.65591023 0.11043779 0.11926547 0.20048626 0.04263514
  0.06468768]
 [0.09052716 0.12486013 0.04545647 0.91848599 0.21779743 0.08943499
  1.         0.07124369 0.04504807 0.06308068 0.0372297  0.20263451
  0.094679   0.802101   0.028858   0.00965963 0.13281776 0.08246671
  0.11753366]
 [0.14257541 0.13997412 0.02570459 0.99415172 0.09972957 0.05175152
  0.53412807 0.06928687 0.08746534 0.09238999 0.06234668 0.03413797
  0.05892906 0.85020735 0.06885771 0.09044797 0.17423618 0.04822854
  0.01170777]
 [0.13230127 0.11515585 0.13156656 1.         0.13049531 0.07910971
  0.58185261 0.16024407 0.06764271 0.0486222  0.14826458 0.35427105
  0.06660251 0.74221629 0.06451687 0.20677131 0.16016749 0.04573576
  0.03891875]
 [0.14701119 0.08559581 0.02384196 0.30127197 0.13421207 0.0894667
  1.         0.03577718 0.07297744 0.02545316 0.08550725 0.04443289
  0.07151483 0.72787963 0.0673473  0.06119816 0.18916081 0.02787442
  0.03533092]
 [0.19561447 0.06948896 0.02420203 0.44835013 0.17787111 0.06224856
  1.         0.05282822 0.03815445 0.03631656 0.06738711 0.04162778
  0.10638447 0.63546217 0.04904658 0.10946689 0.23747705 0.02878945
  0.02723089]
 [0.07506506 0.06746833 0.00729752 0.45819025 0.12107923 0.03734277
  1.         0.16623379 0.10097938 0.0506358  0.04695161 0.01524501
  0.04929413 0.17693556 0.04531887 0.04125582 0.17285253 0.00626888
  0.00440432]
 [0.22194298 0.73207202 0.01189671 1.         0.16259482 0.037088
  0.33148827 0.06180918 0.06681558 0.01795289 0.14417549 0.0398254
  0.05367893 0.14235764 0.72171461 0.06159406 0.23924992 0.01104453
  0.02423016]
 [0.14470516 0.12537582 0.01785549 1.         0.10606611 0.04195073
  0.40988929 0.17333557 0.07782083 0.03441753 0.06073782 0.07659738
  0.04603423 0.67070938 0.07672423 0.11105451 0.15985273 0.02455016
  0.01644944]
 [0.25175041 0.16559753 0.07436251 1.         0.21026702 0.11463026
  0.55505709 0.10956048 0.08666206 0.03928506 0.10905884 0.46559239
  0.10558602 0.24518686 0.12454056 0.11293989 0.26290877 0.04224435
  0.07005677]]
[0.31599563 0.21714355 0.06468187 0.67987424 0.24063995 0.07958943
 0.67942864 0.16349106 0.15681323 0.07389929 0.11403926 0.07874717
 0.1054446  0.315913   0.1580762  0.09943623 0.34645507 0.04665768
 0.04243889]
[0. 0. 0. 1. 0. 0. 1. 0. 0. 0. 0. 0. 0. 0. 0. 0. 0. 0. 0.]
Distance: 2.1883777623140945

False predicted:
[[0.         0.         0.         ... 0.         0.         0.        ]
 [0.         0.         0.         ... 0.         0.         0.        ]
 [0.         0.         0.         ... 0.         0.         0.        ]
 ...
 [0.19319624 0.1031395  0.02548412 ... 0.2960383  0.02115162 0.01334819]
 [0.3270679  0.21345261 0.03569555 ... 0.31551444 0.04266358 0.04637614]
 [0.27041146 0.30634231 0.13152972 ... 0.18942089 0.49214301 0.02449879]]
[[0.20057306 0.06268576 0.02507424 0.38991631 0.17638588 0.28211729
  0.8467433  0.05476566 0.04252172 0.03738672 0.08734394 0.08212162
  0.08045237 0.11024823 0.06615532 0.6596316  0.24578083 0.02870113
  0.00884114]
 [0.83727707 0.2093588  0.02046962 0.47820438 0.2416679  0.07295787
  0.66228329 0.09302894 0.09618309 0.09971714 0.10758565 0.06797294
  0.11833674 0.28992248 0.16011807 0.06639659 0.85152328 0.03809539
  0.08074434]
 [0.29771972 0.09100794 0.02350966 0.24492071 0.75675032 0.04429735
  1.         0.04577785 0.05480015 0.05878262 0.08610189 0.03039989
  0.08124588 0.10919823 0.09454974 0.71790981 0.84200906 0.02459656
  0.0126318 ]
 [0.28837217 0.72008148 0.12869561 1.         0.12971427 0.06647621
  0.44811483 0.65150327 0.11982772 0.0385328  0.10448707 0.0333679
  0.07473063 0.14915459 0.18769216 0.04156316 0.23487795 0.02374084
  0.01902475]
 [0.1753882  0.14038471 0.01576307 0.3906558  0.16161882 0.02613392
  1.         0.1098118  0.06382001 0.0758544  0.06976533 0.030768
  0.09471185 0.65021952 0.07147331 0.0315855  0.22513313 0.05104293
  0.02884071]
 [0.32477781 0.18589141 0.04805023 1.         0.15728839 0.0461917
  0.46040031 0.11845573 0.13843553 0.04216004 0.10603145 0.03340113
  0.09257448 0.17991828 0.17247288 0.06010888 0.28910617 0.02375776
  0.0172102 ]
 [0.21504211 0.17117559 0.02807966 0.95154982 0.14772867 0.07643097
  0.70524902 0.08194814 0.10661117 0.09815063 0.09083003 0.05321522
  0.09329306 0.75558282 0.08702728 0.08718513 0.26261924 0.06025302
  0.02472991]
 [0.14835312 0.08999365 0.02874725 1.         0.08113565 0.02278733
  0.22809155 0.06446391 0.03367801 0.01817967 0.0542891  0.02260922
  0.04541929 0.21503671 0.05646834 0.01980474 0.13137427 0.02251378
  0.01748259]
 [0.13995503 0.72037861 0.02099373 1.         0.11613913 0.01235592
  0.27712662 0.70881701 0.02910153 0.0206055  0.07219117 0.02914214
  0.04699265 0.12088917 0.05180896 0.06624251 0.12914568 0.01239941
  0.02955807]
 [0.26312976 0.67090478 0.02292338 0.36764415 0.1233753  0.06612707
  1.         0.0921582  0.08147907 0.0952211  0.09474436 0.04717509
  0.08474209 0.69451387 0.09760943 0.06973469 0.31113187 0.01147767
  0.07643622]]
[0.38540944 0.24739829 0.06314498 0.56686157 0.25052565 0.06793416
 0.72250414 0.10981961 0.10644827 0.06538979 0.13488995 0.06534874
 0.14046185 0.2696644  0.13576381 0.08166218 0.38914958 0.05924675
 0.04743192]
[0. 0. 0. 1. 0. 0. 1. 0. 0. 0. 0. 0. 0. 0. 0. 0. 0. 0. 0.]
Distance: 2.5430540097428525

False predicted:
[[0.         0.         0.         ... 0.         0.         0.        ]
 [0.         0.         0.         ... 0.         0.         0.        ]
 [0.         0.         0.         ... 0.         0.         0.        ]
 ...
 [0.71796161 0.13037948 0.01100167 ... 0.79674204 0.01480454 0.03348133]
 [0.35482406 0.22151608 0.05077744 ... 0.97664867 0.03228791 0.01452749]
 [0.28837217 0.72008148 0.12869561 ... 0.23487795 0.02374084 0.01902475]]
[[0.2337854  0.09109301 0.01466843 1.         0.19754726 0.04531967
  0.50014337 0.06035915 0.11206983 0.01968898 0.05379028 0.06287786
  0.06224833 0.6977333  0.05722652 0.07695578 0.1860798  0.00964288
  0.00483623]
 [0.6753171  0.65375104 0.24968529 1.         0.10428434 0.0573204
  0.33768913 0.14075073 0.10403742 0.01926214 0.08241817 0.04186828
  0.08865547 0.10827631 0.13322239 0.10952471 0.20085735 0.01482993
  0.02014215]
 [0.25978104 0.13254885 0.02481141 0.88713755 0.18065257 0.05465445
  1.         0.08065523 0.06775956 0.03018685 0.06663347 0.03524927
  0.09885316 0.665713   0.10435337 0.04281106 0.2544944  0.01688221
  0.05011339]
 [0.1977831  0.10865291 0.02573338 0.3067731  0.14000068 0.0498285
  1.         0.08380358 0.08103748 0.01956169 0.68012812 0.0345325
  0.15454873 0.21764378 0.14068601 0.29208473 0.81643677 0.02853708
  0.01876376]
 [0.74186732 0.61321099 0.04661683 0.98898028 0.15410087 0.06723502
  0.36419155 0.09020034 0.08934032 0.02460417 0.11129388 0.05062368
  0.07876976 0.23223673 0.1294127  0.07203867 0.25931535 0.01603485
  0.02231356]
 [1.         0.20915016 0.01822842 0.25013827 0.15070173 0.02425178
  0.40320442 0.10250646 0.70617282 0.00896921 0.82654421 0.00894955
  0.12341347 0.13397278 0.19003638 0.24958499 0.41104409 0.01069917
  0.02082287]
 [0.24579487 0.18949375 0.06863243 1.         0.11769857 0.02174792
  0.36321108 0.15864439 0.08326423 0.02365351 0.08941415 0.03814653
  0.04913671 0.62134467 0.09843688 0.05756728 0.2302392  0.01500693
  0.01233303]
 [0.19604318 0.15794766 0.08348652 0.86067192 0.12367753 0.05803529
  0.32651848 0.14745346 0.10357117 0.04435572 0.97848212 0.059658
  0.06649987 0.11317582 0.10469255 0.06111715 0.36087346 0.02480221
  0.02779099]
 [0.20775439 0.15085076 0.02588085 0.2730815  0.19766144 0.05046671
  0.57554452 0.10294841 0.09919002 0.0359156  0.12009732 0.03377894
  0.66851887 0.1609996  0.09516457 0.13201166 0.89380827 0.0313838
  0.02437026]
 [0.91002795 0.74756715 0.03945    0.41823399 0.75348836 0.09022551
  0.68866167 0.08076987 0.1448671  0.07583725 0.1775015  0.05294131
  0.12840483 0.19660878 0.15308337 0.12246945 0.90793968 0.04912416
  0.02765227]]
[0.3491725  0.21092816 0.06261563 0.6531005  0.25190377 0.07035397
 0.7194997  0.14874813 0.13198386 0.06952029 0.12286705 0.06988194
 0.11045136 0.30971545 0.14776284 0.08771989 0.3218396  0.04832282
 0.04269611]
[0. 0. 0. 1. 0. 0. 1. 0. 0. 0. 0. 0. 0. 0. 0. 0. 0. 0. 0.]
Distance: 2.830504271402783

False predicted:
[[0.09384979 0.12809351 0.00595913 ... 0.16028112 0.01058529 0.00996506]
 [0.6190353  0.05062744 0.01524705 ... 0.83274474 0.00741994 0.0094269 ]
 [0.26926192 0.1290448  0.02881385 ... 0.30500172 0.04752684 0.03983758]
 ...
 [0.04063818 0.01138515 0.00270156 ... 0.27245969 0.01217954 0.0012543 ]
 [0.1516534  0.08009999 0.05653981 ... 0.26250537 0.00892568 0.01113434]
 [0.27522749 0.15137675 0.046262   ... 0.2832777  0.43499761 0.03972511]]
[[9.52398412e-01 2.03181014e-01 3.36113743e-02 2.34915748e-01
  2.17273238e-01 3.54434696e-02 4.37367896e-01 8.76310644e-02
  1.27276276e-01 3.21645841e-02 1.54496388e-01 1.02880658e-02
  1.08354155e-01 1.02073664e-01 6.90915814e-01 1.53977977e-01
  3.79126963e-01 3.16247744e-02 1.10556357e-02]
 [2.78197667e-01 1.56587629e-01 2.20436067e-02 3.37163745e-01
  7.69020494e-01 2.40863237e-02 1.00000000e+00 6.52393642e-02
  7.71869560e-02 3.24187313e-02 1.08273861e-01 4.18021746e-02
  7.07382982e-02 1.32317871e-01 1.37893039e-01 2.89562484e-02
  8.62689604e-01 2.50605870e-02 2.09965022e-02]
 [7.56510280e-01 1.26938220e-01 3.29095574e-02 9.49859359e-01
  6.50554699e-01 4.90952291e-02 6.55539628e-01 6.92458871e-02
  7.18103094e-02 3.33330958e-02 1.67258474e-01 4.68979236e-02
  5.33538077e-01 2.71014899e-01 1.31234302e-01 1.15507788e-01
  8.63226029e-01 1.84568942e-02 1.17183423e-02]
 [1.30548802e-01 6.72151030e-02 1.80274974e-02 3.50330633e-01
  6.06439640e-01 1.05519805e-01 1.00000000e+00 3.24768250e-02
  3.06483533e-02 5.73577946e-02 6.65809790e-02 1.01748938e-01
  4.42997242e-01 1.44964369e-01 4.80116270e-02 4.84187364e-02
  1.92151049e-01 2.84036880e-02 3.60499129e-02]
 [1.37096306e-01 9.15448343e-02 1.53890749e-02 9.49987161e-01
  1.35972837e-01 3.18660539e-02 9.82140527e-01 4.95607047e-02
  4.72058899e-02 3.33256218e-02 4.92130920e-02 5.64056303e-01
  4.47022638e-02 7.01458907e-01 5.62573981e-02 4.91953505e-02
  2.04952600e-01 1.26912803e-02 2.11061497e-02]
 [1.52743532e-01 8.63104340e-02 2.38596702e-02 1.00000000e+00
  7.55009415e-02 6.10115013e-02 2.99206215e-01 6.82087463e-02
  6.14623228e-02 1.95576223e-02 1.08239231e-01 6.90970730e-01
  4.15800589e-02 1.43341973e-01 8.84967678e-02 1.07612231e-01
  1.16722161e-01 1.26823105e-02 1.82644934e-02]
 [2.74335859e-01 1.31393627e-01 1.35189004e-02 3.46070198e-01
  6.09005238e-01 2.42369081e-02 1.00000000e+00 4.82522800e-02
  6.26400028e-02 3.22366349e-02 1.76648164e-01 4.33765381e-02
  1.11852559e-01 1.68708460e-01 1.39378542e-01 1.02021476e-01
  8.14296443e-01 5.50325757e-02 4.11926776e-02]
 [3.33250812e-02 3.95763495e-03 4.22045701e-03 1.65301610e-01
  7.70459380e-01 4.76659974e-02 1.00000000e+00 3.70956871e-03
  4.43061052e-03 2.75742373e-03 1.68682687e-02 2.91593587e-02
  2.17451405e-02 7.67077204e-02 2.36631722e-02 5.56938369e-03
  7.68723473e-02 5.52859175e-04 1.46099789e-03]
 [2.79355096e-02 3.80504492e-02 2.89064639e-02 2.15617611e-01
  1.11113127e-01 8.34870849e-01 4.76611620e-01 3.33464147e-02
  3.82653847e-02 3.96841507e-02 3.17423918e-02 6.41534884e-02
  3.28728945e-02 1.12921545e-01 2.26482274e-02 1.95266442e-02
  9.97003195e-02 7.98683379e-02 4.43497513e-03]
 [2.00512886e-01 5.47070968e-01 8.64145095e-02 4.51462218e-01
  2.40557018e-01 6.95384302e-02 1.00000000e+00 1.02073227e-01
  9.22503180e-02 4.69271697e-01 6.31801532e-02 8.07693898e-02
  8.32080262e-02 2.25921570e-01 1.25873856e-01 1.02573509e-01
  1.94920276e-01 5.75924134e-02 4.27624289e-02]]
[0.3136484  0.22402376 0.05619045 0.51558995 0.2571165  0.0636479
 0.75711524 0.09582655 0.10278279 0.05644664 0.13682985 0.06402373
 0.13886939 0.27636996 0.13178843 0.08199132 0.3849794  0.06189114
 0.04229048]
[0. 0. 0. 1. 0. 0. 1. 0. 0. 0. 0. 0. 0. 0. 0. 0. 0. 0. 0.]
Distance: 2.73138429687334

False predicted:
[[0.04174014 0.14954925 0.38558193 ... 0.06981526 0.02963304 0.09421749]
 [0.19522934 0.11005534 0.0301477  ... 0.18078648 0.02587062 0.14699212]
 [0.18924164 0.12526995 0.03585907 ... 0.23403673 0.02805152 0.01963585]
 ...
 [0.81468651 0.70607264 0.02302661 ... 0.90231848 0.01528488 0.00929267]
 [0.79880914 0.18508686 0.03716826 ... 0.32671206 0.49764258 0.02851687]
 [1.         0.78970494 0.0621503  ... 0.26862768 0.02069848 0.029611  ]]
[[0.11642277 0.09749023 0.04866314 1.         0.091725   0.09368846
  0.44758207 0.13249742 0.05461637 0.03146732 0.08471344 0.04110044
  0.04687193 0.16305621 0.06636579 0.07459536 0.12494502 0.01199432
  0.01115995]
 [0.14770292 0.06808689 0.00639529 0.9658837  0.15024158 0.01314545
  0.99292907 0.06180075 0.051484   0.03238838 0.07140631 0.02080977
  0.06028419 0.15964495 0.05081322 0.05732673 0.18142674 0.01718813
  0.01111809]
 [1.         0.26322049 0.01513672 0.35966783 0.67564708 0.02503246
  0.4659505  0.07817145 0.08096165 0.08288834 0.15028291 0.03706597
  0.0756732  0.15665267 0.70970646 0.13008943 0.83010321 0.05782174
  0.03532071]
 [0.18844531 0.11467194 0.05963309 1.         0.22486123 0.03789219
  0.56721036 0.09103583 0.04682728 0.04953584 0.07164864 0.03462255
  0.10177244 0.73152811 0.07050541 0.13542664 0.24128203 0.01013338
  0.00742302]
 [0.10829678 0.05258254 0.02318579 0.3280859  0.13637711 0.05683168
  1.         0.05952318 0.05304173 0.03057459 0.05874201 0.6273659
  0.05431626 0.19181986 0.02451879 0.16117872 0.1408124  0.01824747
  0.02500391]
 [0.64798223 0.60097394 0.0390552  0.90324801 0.22311648 0.04446253
  0.62667983 0.05949446 0.05292671 0.04374535 0.18391242 0.08902941
  0.06865108 0.21920394 0.06401823 0.06754805 0.29606928 0.0777307
  0.17384207]
 [0.16003306 0.13073735 0.0290348  0.88827775 0.18820206 0.03601075
  1.         0.08026382 0.06429037 0.04955846 0.06887965 0.07913244
  0.09265448 0.67433253 0.08995385 0.05130053 0.21192264 0.04512297
  0.04549873]
 [0.12409463 0.09985707 0.00760505 0.30612076 0.12351037 0.05719051
  1.         0.02083365 0.05641136 0.09279101 0.09188645 0.02544615
  0.08234322 0.55089487 0.03500363 0.04266195 0.19269653 0.03518617
  0.01466202]
 [0.63046511 0.53692577 0.01827076 0.37102901 0.22145162 0.05367242
  1.         0.08822435 0.072206   0.06061062 0.07575344 0.03234528
  0.09863866 0.17588617 0.10662813 0.18195597 0.28594698 0.03177346
  0.06837125]
 [0.19093321 0.22635717 0.0164169  0.27632398 0.15428731 0.02392333
  0.7012022  0.11975102 0.04410314 0.10891459 0.08460677 0.02984727
  0.11917909 0.31800335 0.10249406 0.12316141 0.35952471 0.0555918
  0.61356139]]
[0.42958185 0.24541137 0.06147904 0.60217816 0.24988294 0.0758388
 0.72597927 0.12685558 0.10656234 0.06408117 0.14979802 0.0655711
 0.13073802 0.28090212 0.15454945 0.0875025  0.38414165 0.05506436
 0.04478167]
[0. 0. 0. 1. 0. 0. 1. 0. 0. 0. 0. 0. 0. 0. 0. 0. 0. 0. 0.]
Distance: 2.3173767573512167

