
Output some example predictions and true values:
2751 are zero predictions

False predicted:
[[0.08638858 0.04639292 0.02584856 0.95860245 0.1636596  0.03787287
  0.94163339 0.03710074 0.04413426 0.01546608 0.06073049 0.04618125
  0.0637699  0.66987944 0.0370266  0.07815678 0.13073846 0.01618559
  0.01306968]
 [0.27526156 0.1034591  0.01366349 0.40783073 0.17786891 0.06909962
  1.         0.04593769 0.10318909 0.01612935 0.13487313 0.07470313
  0.09781548 0.19544916 0.13432863 0.05854665 0.25324427 0.00635443
  0.02383746]
 [0.20254736 0.10740048 0.05668229 1.         0.21569556 0.04526258
  0.44458873 0.06188153 0.0520444  0.03477913 0.11748177 0.06566052
  0.08680036 0.18840483 0.08557196 0.07775158 0.21484822 0.03356688
  0.03250803]
 [0.97161413 0.18231433 0.02168906 0.50580312 0.3116968  0.02092521
  0.59711748 0.09693914 0.08399453 0.0321097  0.09558114 0.0311441
  0.09272887 0.17260826 0.11343652 0.09202947 0.86624659 0.01842806
  0.01888165]
 [0.81395428 0.07649071 0.00585518 0.23928106 0.12737139 0.03203133
  1.         0.0265149  0.05871206 0.02590421 0.09638856 0.03355761
  0.0390291  0.14980666 0.03443971 0.03641047 0.18850755 0.68197329
  0.02007154]
 [0.20357989 0.1210896  0.12571918 0.99094183 0.13960288 0.03843212
  0.89944485 0.13373933 0.07822818 0.03592629 0.0799863  0.05499181
  0.06485413 0.63725431 0.11225673 0.06069501 0.19418632 0.02374792
  0.01148423]
 [0.77357143 0.7282633  0.04621507 0.40071058 0.11422641 0.06281326
  0.43864037 0.04398604 0.09556512 0.06267023 0.07654584 0.03674118
  0.05169532 0.12488292 0.67477338 0.038793   0.1796064  0.03267339
  0.01050259]
 [1.         0.253527   0.017492   0.47564368 0.34367146 0.02792195
  0.44442396 0.08577121 0.09629256 0.01787042 0.11490452 0.03896571
  0.12116688 0.14321405 0.19675388 0.10826229 0.90276396 0.02454339
  0.03680082]
 [1.         0.70121195 0.02931198 0.37507874 0.38661751 0.03045969
  0.54296981 0.09643388 0.07967558 0.05010943 0.0917384  0.0324275
  0.1187435  0.16148968 0.22199438 0.08795569 0.93355289 0.04646606
  0.03072903]
 [0.19360969 0.11826027 0.04517863 0.97831761 0.20915771 0.03345785
  0.90860922 0.07626771 0.49755506 0.02827955 0.09231045 0.05355904
  0.08493329 0.63746731 0.06713553 0.06035003 0.22667801 0.02941625
  0.09326626]
 [0.12721121 0.22695057 0.99883139 0.41955859 0.06687536 0.04437971
  0.23602387 0.87516512 0.79032418 0.02361336 0.0599133  0.04510725
  0.05272684 0.13107589 0.10325501 0.03585195 0.12355964 0.00975661
  0.01551504]
 [0.26845582 0.09011722 0.03472309 0.55716841 0.87969881 0.07356241
  0.61622978 0.08360693 0.09044112 0.04080643 0.16337425 0.05096675
  0.09152284 0.23485794 0.10169945 0.0650861  0.92792497 0.05096639
  0.0295152 ]
 [0.14329537 0.79223919 0.01955358 0.25988145 0.16568165 0.10527729
  0.59460204 0.05935499 0.0495857  0.07176271 0.09383568 0.06045092
  0.687885   0.14946298 0.78416219 0.04317511 0.26578804 0.16434798
  0.01823242]
 [0.25387896 0.53307531 0.05808156 0.48323135 0.19382831 0.10255984
  0.95671696 0.10082656 0.08672087 0.07178664 0.09366344 0.09033155
  0.0807688  0.57865462 0.08755048 0.07778886 0.25811663 0.03533427
  0.43781299]
 [0.15991332 0.07617989 0.03308929 1.         0.12179435 0.01931546
  0.32773856 0.06707859 0.05337263 0.02921991 0.12607528 0.0491938
  0.09315096 0.74100845 0.07704518 0.03082869 0.18841012 0.0122358
  0.03606463]
 [0.08636801 0.05386405 0.02074326 0.97132431 0.0926085  0.02873952
  0.98280126 0.09195132 0.0893442  0.0528066  0.04282233 0.0337479
  0.03983428 0.24756684 0.0356864  0.05854328 0.10108966 0.01068057
  0.03181811]
 [0.20339643 0.50286186 0.02523621 0.38915936 0.24942324 0.05236229
  1.         0.03138547 0.01902948 0.0873486  0.0474113  0.06716706
  0.08608376 0.2356401  0.06206214 0.09146266 0.20433275 0.47559269
  0.22028753]
 [0.19828979 0.12853298 0.06004461 0.28993049 0.20909932 0.04892484
  1.         0.07635482 0.07486231 0.0321858  0.0759922  0.03534999
  0.65048142 0.11582472 0.70668737 0.03666923 0.2805397  0.02760097
  0.01849742]
 [0.7214871  0.61624476 0.08035391 0.52462765 0.21106199 0.11842425
  0.6292639  0.1047624  0.09944475 0.03882471 0.12341906 0.08329191
  0.1033096  0.23818978 0.6356114  0.16964482 0.72589476 0.04220804
  0.0645266 ]
 [0.76415315 0.14823339 0.02136719 0.54734749 0.66311511 0.03032704
  1.         0.06908355 0.0678948  0.03717143 0.09083529 0.03236947
  0.5581869  0.19417684 0.11879237 0.07316274 0.75608825 0.03505765
  0.04752678]
 [0.22514396 0.18027532 0.03698945 0.35929152 0.23568213 0.10073525
  0.69302485 0.04763982 0.0621439  0.20497262 0.82380332 0.05915221
  0.12194227 0.25554408 0.17913793 0.12787724 0.89293547 0.2303566
  0.0170525 ]
 [0.99674491 0.60139068 0.01427186 0.50364287 0.33008047 0.01182283
  0.57325486 0.08217655 0.07557981 0.03182295 0.10820676 0.03367707
  0.09904573 0.16385952 0.13777976 0.07636031 0.84513305 0.01724213
  0.02152677]
 [0.20056823 0.08587076 0.01803584 1.         0.19492788 0.03668129
  0.33474929 0.06169742 0.06890081 0.01659216 0.06767036 0.06960699
  0.05259033 0.63936082 0.07658469 0.06532333 0.15080837 0.0233619
  0.02123719]
 [0.97673387 0.70535057 0.0669427  0.93824797 0.7843812  0.04328476
  0.46520366 0.09353491 0.07840105 0.02862547 0.07829533 0.05831639
  0.12081424 0.14420954 0.15645037 0.08499008 0.88087603 0.02645054
  0.03574658]
 [0.78305354 0.71344581 0.10144966 0.46141126 0.17269448 0.05076331
  0.95771245 0.11791357 0.10636815 0.05714742 0.1230866  0.06775274
  0.08418634 0.17283666 0.18648624 0.07350609 0.27767347 0.0481223
  0.0558327 ]
 [0.14274583 0.14115888 0.02119619 1.         0.12450841 0.01747982
  0.41230206 0.697046   0.0605603  0.02136111 0.06269743 0.03559853
  0.05125822 0.20050055 0.06719551 0.03547479 0.16679072 0.02245762
  0.02099002]
 [0.23767556 0.77857965 0.03657388 0.60554658 0.16008919 0.09477714
  0.47878737 0.80773972 0.65753739 0.06157051 0.13999064 0.21352395
  0.10815329 0.11704079 0.1771961  0.278586   0.24282963 0.06616208
  0.01062166]
 [0.19679986 0.13747683 0.04938197 0.95067633 0.24240079 0.06482864
  0.69523939 0.06993821 0.43994187 0.04164575 0.07351928 0.10281795
  0.12152714 0.67313233 0.09266698 0.13799775 0.23029315 0.05291066
  0.08645496]
 [0.21150601 0.05330779 0.04514369 0.35001814 0.60497092 0.03917027
  1.         0.04388531 0.03429691 0.02751193 0.06025251 0.05715689
  0.05566334 0.15343151 0.03314714 0.10658952 0.5865806  0.02065391
  0.01804825]
 [0.7197391  0.14792921 0.0542272  0.42286941 0.65688241 0.08878902
  1.         0.12097901 0.10100958 0.05900333 0.10643356 0.07082344
  0.08456083 0.16581169 0.12572103 0.12816529 0.76756447 0.01965523
  0.06641548]]
[[0.069889   0.08223921 0.0143209  0.45641878 0.16217844 0.02390498
  1.         0.47748286 0.47330643 0.03625307 0.02519497 0.07737542
  0.0834725  0.25563417 0.01786682 0.02974082 0.09646897 0.06007695
  0.12182958]
 [0.17280905 0.10376419 0.01109715 0.32450587 0.59758628 0.05539232
  1.         0.05535379 0.02659331 0.02556371 0.0554698  0.03759564
  0.52512562 0.16625722 0.05325818 0.11322001 0.64254225 0.03293813
  0.07590084]
 [0.2022236  0.15701094 0.03243054 1.         0.69360445 0.04253935
  0.43604708 0.08808193 0.09847532 0.04696474 0.12756404 0.03884847
  0.08306577 0.21564443 0.64571986 0.09378287 0.23338672 0.03009557
  0.0236989 ]
 [0.18992642 0.13389436 0.06996835 1.         0.1728472  0.03532435
  0.40405776 0.07418323 0.03803294 0.0307672  0.08155021 0.1227996
  0.09764867 0.15550531 0.07452523 0.12494189 0.21101985 0.03820089
  0.55563415]
 [0.12957334 0.05070406 0.01484157 1.         0.12484568 0.04217626
  0.3696926  0.0405433  0.02803583 0.01159413 0.04451764 0.01910286
  0.02876266 0.11573515 0.06556022 0.04758111 0.16717226 0.01250221
  0.00404579]
 [0.14558576 0.07854257 0.00287755 1.         0.22165311 0.02057259
  0.47489252 0.05037501 0.04314745 0.02827991 0.12991823 0.02214049
  0.06037836 0.88053114 0.11360067 0.09315019 0.27101494 0.02045256
  0.01390813]
 [0.13612478 0.1933669  0.02307299 0.99623803 0.60001525 0.06802886
  0.54186652 0.05117921 0.10489872 0.06469691 0.07909453 0.04672898
  0.06708285 0.30250613 0.09314461 0.16302697 0.17529943 0.04156421
  0.00909005]
 [0.82562444 0.22546176 0.03539857 0.43011818 0.21316558 0.02424844
  0.6692851  0.07551734 0.09070881 0.06685714 0.12281588 0.04363675
  0.10980889 0.16689435 0.17477976 0.12842641 0.86412048 0.04952298
  0.05078395]
 [1.         0.76564174 0.03241568 0.29036166 0.190175   0.04901277
  0.44431927 0.06055751 0.07218854 0.04670643 0.13033651 0.03017212
  0.09012225 0.102612   0.80497422 0.1161846  0.39559169 0.05179034
  0.0439285 ]
 [0.90427021 0.27776301 0.04363717 0.3560021  0.18185588 0.02766195
  0.92355784 0.10934896 0.12640969 0.57991473 0.13396338 0.02748381
  0.09235933 0.10860648 0.196994   0.06207805 0.39585927 0.52965448
  0.03279069]]
[0.40167794 0.35901323 0.20518886 0.49284586 0.22431213 0.10455327
 0.5187945  0.24293321 0.16698284 0.05364114 0.15234485 0.1018597
 0.1496999  0.19978343 0.2162011  0.09674506 0.37145647 0.06800931
 0.03711349]
[0. 0. 0. 0. 0. 0. 1. 0. 0. 0. 0. 0. 0. 0. 0. 0. 0. 0. 0.]
Distance: 2.8528284593969104

False predicted:
[[0.24440057 0.13682479 0.06564696 1.         0.2183951  0.0513617
  0.41100235 0.07857584 0.06052749 0.03381304 0.11135862 0.0831331
  0.65771286 0.17046131 0.07760547 0.04289291 0.26294275 0.02610875
  0.03904343]
 [0.75435298 0.12577479 0.02941191 0.30079054 0.26415819 0.02736703
  1.         0.07361525 0.06854771 0.02779009 0.10115993 0.02670805
  0.13503534 0.18784408 0.58401533 0.08989354 0.88737151 0.0274804
  0.01724409]
 [0.26845582 0.09011722 0.03472309 0.55716841 0.87969881 0.07356241
  0.61622978 0.08360693 0.09044112 0.04080643 0.16337425 0.05096675
  0.09152284 0.23485794 0.10169945 0.0650861  0.92792497 0.05096639
  0.0295152 ]
 [0.19022819 0.12631475 0.01055498 0.47539454 0.25769076 0.05111334
  1.         0.07029015 0.07495917 0.01721753 0.14883289 0.02653336
  0.08709101 0.15203716 0.10685612 0.0948076  0.30679763 0.01831391
  0.01672989]
 [0.24547707 0.96103025 0.08832993 0.40818968 0.0967969  0.05188853
  0.46894534 0.19547898 0.87516342 0.06010421 0.06310593 0.04496371
  0.0855235  0.1691738  0.14622437 0.04967327 0.17465468 0.05242016
  0.02065535]
 [0.95640312 0.95567643 0.14177212 0.44409364 0.14118182 0.18592242
  0.57937118 0.1851016  0.13080118 0.06878629 0.09309359 0.08328815
  0.07627885 0.18284706 0.30748615 0.17653732 0.2019671  0.08261471
  0.04987577]
 [0.31681224 0.19993947 0.03507996 0.91677468 0.255803   0.01237495
  0.63305063 0.54255419 0.06923455 0.04257057 0.12592597 0.0202145
  0.11027557 0.21599375 0.59347509 0.14077882 0.3285372  0.0435757
  0.03821316]
 [0.28227872 0.13930003 0.0332874  0.3372814  0.20146416 0.02111305
  0.52999089 0.0740091  0.07028687 0.04410972 0.81523249 0.03036504
  0.79304039 0.16967497 0.11092987 0.12815948 1.         0.02184042
  0.02387406]
 [0.22514396 0.18027532 0.03698945 0.35929152 0.23568213 0.10073525
  0.69302485 0.04763982 0.0621439  0.20497262 0.82380332 0.05915221
  0.12194227 0.25554408 0.17913793 0.12787724 0.89293547 0.2303566
  0.0170525 ]
 [0.23739188 0.14176542 0.02419493 1.         0.17741792 0.14141382
  0.44293777 0.04698037 0.11037657 0.0251756  0.10662199 0.01825392
  0.05912705 0.6519143  0.055777   0.05907973 0.24796503 0.01816795
  0.02137247]
 [0.25807051 0.18309089 0.04775337 0.4510272  0.19274412 0.03912595
  0.94371197 0.54602115 0.09363096 0.0396908  0.14783125 0.09122538
  0.10874784 0.18456844 0.11827152 0.08016084 0.24855665 0.03695734
  0.09734492]
 [0.23767556 0.77857965 0.03657388 0.60554658 0.16008919 0.09477714
  0.47878737 0.80773972 0.65753739 0.06157051 0.13999064 0.21352395
  0.10815329 0.11704079 0.1771961  0.278586   0.24282963 0.06616208
  0.01062166]
 [0.78489686 0.6559067  0.0737942  1.         0.14591856 0.0847077
  0.5097607  0.11640483 0.10369704 0.04148019 0.08339565 0.04014328
  0.0725419  0.14778576 0.71208761 0.06999404 0.1971586  0.02809424
  0.04671009]
 [0.58279117 0.38012942 0.02823505 0.42002386 0.18329782 0.08879729
  0.62398896 0.06827665 0.27164648 0.09231789 0.80943527 0.04001891
  0.68208915 0.18195322 0.89036384 0.12963189 0.44959955 0.06273801
  0.02501455]
 [1.         0.15565193 0.02661687 0.43358319 0.83073888 0.04711821
  0.41568794 0.06495607 0.05660591 0.03866694 0.03970036 0.01313686
  0.07411749 0.1280603  0.04464333 0.04810168 0.89624592 0.02915392
  0.00842106]
 [0.53684036 0.33888832 0.18970663 0.96101122 0.22927714 0.21919788
  0.90561325 0.26395086 0.16119516 0.09055402 0.08111596 0.47966728
  0.09212913 0.60668144 0.1453255  0.06351913 0.3605529  0.0637135
  0.0233078 ]
 [0.2022236  0.15701094 0.03243054 1.         0.69360445 0.04253935
  0.43604708 0.08808193 0.09847532 0.04696474 0.12756404 0.03884847
  0.08306577 0.21564443 0.64571986 0.09378287 0.23338672 0.03009557
  0.0236989 ]
 [0.21651209 0.15616446 0.05001166 0.90547177 0.17294028 0.02901301
  0.94114568 0.1048907  0.05887996 0.02578658 0.09372852 0.04174608
  0.07443375 0.2119729  0.17260653 0.29820716 0.26945933 0.07006819
  0.05033246]
 [0.20340357 0.49290777 0.11479842 1.         0.18687239 0.07398787
  0.54018155 0.11709809 0.08581363 0.05537082 0.0795619  0.11327488
  0.08829458 0.5578601  0.09403073 0.12144972 0.18207227 0.05509453
  0.04947864]
 [0.92321643 0.3292507  0.03298224 0.39308956 0.20568121 0.14673785
  0.52075394 0.08593315 0.16060487 0.05674337 0.08488633 0.04922534
  0.12991887 0.19012037 0.37482066 0.05374879 0.81233603 0.04470007
  0.03768133]
 [0.24250009 0.10717428 0.02517389 0.28527262 0.23277522 0.0451494
  1.         0.06334987 0.04307433 0.03142603 0.06446362 0.05814907
  0.05874587 0.17962419 0.07639449 0.08583947 0.23521077 0.03890157
  0.05790323]
 [0.21008178 0.11343614 0.03021296 1.         0.18265869 0.1946943
  0.43737263 0.06914828 0.07372403 0.01873114 0.14447006 0.07083377
  0.08168821 0.18622115 0.10258472 0.11299505 0.22672237 0.01893033
  0.05570135]
 [0.85277175 0.77895981 0.03344372 0.24061344 0.12254188 0.05630828
  1.         0.06949051 0.11252615 0.08995708 0.09937741 0.02846787
  0.06905407 0.1253216  0.12341899 0.04485248 0.23475339 0.06865655
  0.02873963]
 [0.16954574 0.09908818 0.11577311 0.97191282 0.11960817 0.04361595
  0.90748344 0.13004752 0.06332325 0.02872344 0.06930678 0.04946928
  0.06073681 0.67439906 0.09630577 0.05132262 0.18135408 0.02097983
  0.01050947]
 [0.11212694 0.07029589 0.08042935 0.93764669 0.12413317 0.01670513
  0.92732356 0.0942274  0.07460817 0.03920396 0.0516585  0.03517911
  0.0568182  0.66854501 0.06177955 0.02853681 0.149053   0.01117771
  0.02369125]
 [0.23484444 0.62569246 0.07751684 0.42135899 0.13027486 0.06130001
  1.         0.13902226 0.13273815 0.07109946 0.10560704 0.05432605
  0.09127737 0.18701898 0.14827752 0.09032118 0.278639   0.0558729
  0.02582596]
 [0.35711003 0.20535705 0.01333617 0.99849726 0.19517484 0.14859258
  0.55516388 0.61499384 0.62064816 0.03721124 0.06706051 0.06549039
  0.06059066 0.26675027 0.14850604 0.31345627 0.32933862 0.20515065
  0.04420166]
 [1.         0.76564174 0.03241568 0.29036166 0.190175   0.04901277
  0.44431927 0.06055751 0.07218854 0.04670643 0.13033651 0.03017212
  0.09012225 0.102612   0.80497422 0.1161846  0.39559169 0.05179034
  0.0439285 ]
 [0.05751159 0.19580684 0.48364477 0.80369611 0.10853183 0.11889755
  0.33379035 0.74487276 0.45530672 0.02680524 0.04539594 0.16088224
  0.07732613 0.18636173 0.0616853  0.0969402  0.07670338 0.03861867
  0.08722756]
 [0.96751218 0.10445441 0.08707885 0.30479037 0.89337061 0.0427135
  0.46443871 0.05090043 0.08740562 0.03084426 0.13417037 0.04502428
  0.074658   0.15009001 0.10448702 0.04467688 0.49092995 0.05042872
  0.0251216 ]]
[[0.10120544 0.08704412 0.0087486  0.9806511  0.10627366 0.01311237
  0.83751325 0.68298329 0.0486229  0.01279731 0.04319086 0.01774687
  0.04109494 0.18691046 0.0438999  0.05230791 0.11896322 0.008528
  0.01078035]
 [0.24196336 0.14383802 0.03002026 1.         0.15146904 0.0385463
  0.43263798 0.12087248 0.07838736 0.03941162 0.06992458 0.0332371
  0.0748321  0.21055451 0.08989472 0.04704454 0.20972845 0.02534072
  0.01809641]
 [0.27977232 0.85729387 0.0866238  0.57401018 0.12009488 0.13902846
  0.41013981 0.86307947 0.74135863 0.04746648 0.09393569 0.19436731
  0.06542889 0.1256809  0.17073071 0.18108148 0.14837132 0.05320792
  0.00933655]
 [0.40284913 0.21222512 0.02966535 0.48352571 0.29088131 0.04956095
  0.8995234  0.11120976 0.45848247 0.03097914 0.14150045 0.04930288
  0.10497533 0.1852836  0.17856463 0.09575798 0.34361909 0.02548927
  0.06449886]
 [1.         0.25535327 0.05343335 0.31689826 0.1784228  0.04115149
  0.5401816  0.07443544 0.0966618  0.03902618 0.1083185  0.04208803
  0.10416721 0.21885533 0.77914    0.08272577 0.34288477 0.03604124
  0.01910938]
 [0.21417547 0.12205611 0.08808971 1.         0.13987072 0.0541778
  0.4765164  0.09757222 0.59906025 0.03550803 0.14816918 0.05613143
  0.0438546  0.19656462 0.09488073 0.08347428 0.22061097 0.03898405
  0.03096967]
 [0.28304254 0.13501357 0.03654836 1.         0.1841905  0.09634343
  0.91868468 0.08548185 0.12874761 0.02253607 0.10563219 0.06342352
  0.08349135 0.27921781 0.12610619 0.16312748 0.2610604  0.03852477
  0.5187549 ]
 [0.22820268 0.13176926 0.04138251 1.         0.19274036 0.04941385
  0.56059327 0.09388377 0.08161028 0.03019014 0.0929926  0.02733996
  0.08700287 0.22690463 0.10796163 0.14077784 0.24429345 0.01655377
  0.48547617]
 [0.27706546 0.15345183 0.02905929 1.         0.68972851 0.01972456
  0.39061716 0.09852576 0.10234376 0.01672721 0.18893951 0.05184069
  0.10951361 0.16045197 0.14886458 0.16973929 0.29405537 0.01808798
  0.01854836]
 [0.2147309  0.13292171 0.05465017 1.         0.1883263  0.11037758
  0.92094896 0.15214079 0.07325535 0.04602343 0.06652811 0.0858541
  0.07252703 0.21048092 0.06246716 0.12632173 0.208888   0.02508736
  0.06671513]]
[0.39116126 0.35674465 0.2620171  0.51480514 0.19718884 0.11969703
 0.46224806 0.28287724 0.1620459  0.04805841 0.1541391  0.11173038
 0.13749777 0.20577857 0.22976772 0.10330208 0.34635153 0.07260751
 0.03667928]
[0. 0. 0. 1. 0. 0. 0. 0. 0. 0. 0. 0. 0. 0. 0. 0. 0. 0. 0.]
Distance: 2.671867693858851

False predicted:
[[0.33364934 0.24714043 0.06731104 0.47421894 0.18849721 0.10417935
  1.         0.13951452 0.12692297 0.50891628 0.1194458  0.04727016
  0.11385078 0.18821191 0.16014635 0.08689606 0.32790612 0.05848471
  0.03920132]
 [0.19839294 0.10055444 0.01484457 0.39903911 0.15539171 0.01981871
  1.         0.08801798 0.07569322 0.02299553 0.07626879 0.56758442
  0.07372461 0.17883552 0.07186398 0.10398051 0.28505029 0.05550558
  0.01660337]
 [0.22391508 0.13996238 0.02486685 0.95042335 0.68876021 0.06966144
  0.67270033 0.09087848 0.10028712 0.05740287 0.09602567 0.06705379
  0.09470973 0.25583662 0.08564082 0.0730668  0.30634565 0.02881259
  0.02546999]
 [0.88119384 0.20984863 0.03426617 0.4459863  0.74041653 0.03489769
  0.5233966  0.0749384  0.06684188 0.03959304 0.15080608 0.0430021
  0.09685241 0.20970741 0.15404165 0.04194214 0.37460215 0.03035766
  0.01586589]
 [0.3953945  0.23686408 1.         0.27101186 0.11171795 0.05674619
  0.2512732  0.1718993  0.17987988 0.01988549 0.08579941 0.04467917
  0.06337458 0.12041366 0.76210597 0.0846814  0.2317345  0.01360256
  0.00673377]
 [0.16234327 0.10183537 0.01207311 0.34145229 0.61917186 0.04684461
  1.         0.05402863 0.0523643  0.52831744 0.05580966 0.03170865
  0.0524867  0.17084066 0.05568337 0.04286785 0.21513912 0.04432416
  0.02017124]
 [0.95873576 0.81938427 0.03058364 0.30286242 0.18974659 0.066538
  0.56187003 0.06917818 0.69940503 0.06983519 0.11695471 0.02869844
  0.08595552 0.18208621 0.14122734 0.06209409 0.88127531 0.04732979
  0.01472388]
 [0.5131679  0.16648579 0.05122408 0.48358989 0.26587603 0.16389982
  0.68397545 0.08818274 0.54369083 0.05003329 0.7073642  0.06518493
  0.16728468 0.24104884 0.26372935 0.09676361 0.90626012 0.04499562
  0.03081802]
 [0.15141402 0.12460561 0.08041968 0.89747247 0.16543158 0.04990469
  0.9957102  0.11756406 0.05568564 0.04057299 0.07385377 0.09052753
  0.09025651 0.65095057 0.08357998 0.08935405 0.21073629 0.03353807
  0.05783702]
 [0.92474343 0.22070238 0.04474011 0.34663005 0.19316985 0.0370544
  0.98995099 0.06242168 0.08221508 0.58081284 0.10114882 0.03039854
  0.09182409 0.17260978 0.15443745 0.03090132 0.31144211 0.54801667
  0.0218856 ]
 [0.19155906 0.12775151 0.13264116 0.96627433 0.17257974 0.05601211
  0.9022409  0.15150844 0.07698977 0.02613944 0.07261081 0.07543035
  0.06548009 0.61661207 0.1050027  0.11079596 0.21464142 0.03027572
  0.02733613]
 [0.2006411  0.14070977 0.05898166 1.         0.15969875 0.06561486
  0.93104539 0.09652385 0.08115619 0.02310064 0.08132746 0.1196673
  0.07828114 0.65591023 0.11043779 0.11926547 0.20048626 0.04263514
  0.06468768]
 [0.14470516 0.12537582 0.01785549 1.         0.10606611 0.04195073
  0.40988929 0.17333557 0.07782083 0.03441753 0.06073782 0.07659738
  0.04603423 0.67070938 0.07672423 0.11105451 0.15985273 0.02455016
  0.01644944]
 [0.05272706 0.05445448 0.01373389 0.18771582 0.07315429 0.1404681
  1.         0.03509238 0.03997287 0.10860108 0.05442424 0.03244866
  0.04540481 0.70578959 0.04560075 0.03405881 0.07952452 0.01576722
  0.0067257 ]
 [0.35804053 0.22615192 0.02762201 0.43505406 0.21026155 0.05393312
  0.68534232 0.09456553 0.08320648 0.06142273 0.12182378 0.0350881
  0.1344452  0.26531608 0.15701537 0.17119359 0.41790319 0.03451218
  0.72785184]
 [0.92359024 0.21127954 0.02535153 0.3448509  0.13596129 0.02839237
  0.45459491 0.06591988 0.76180548 0.06277965 0.19484461 0.03100776
  0.15686546 0.20924397 0.74733674 0.06974239 0.96602109 0.06161161
  0.01483285]
 [0.13468466 0.06631932 0.00574445 0.23650613 0.70100048 0.03246198
  1.         0.03615131 0.0388999  0.03402353 0.06954803 0.0257241
  0.0591779  0.11960078 0.07394107 0.03172324 0.78711145 0.01160674
  0.01309042]
 [0.35224607 0.15954014 0.04965151 0.44582123 0.21944728 0.0551304
  1.         0.0717367  0.09626731 0.05481262 0.11764617 0.06780472
  0.08669789 0.19509364 0.60129312 0.07973022 0.69821618 0.05455617
  0.0371167 ]
 [0.30857526 0.18085338 0.03653849 0.6800859  0.22851195 0.0342816
  0.58657407 0.08991329 0.1444972  0.04146862 0.22038966 0.04886521
  0.60386667 0.33007284 0.13756165 0.10307779 0.75879839 0.03657594
  0.06471307]
 [0.24675358 0.16624036 0.03302624 0.51739944 0.15851728 0.04646324
  0.92932818 0.16298423 0.11534122 0.06385419 0.09797559 0.03785172
  0.09092915 0.22210011 0.10278356 0.06471489 0.2420358  0.03951132
  0.03464519]
 [0.79880914 0.18508686 0.03716826 0.28168023 0.1732925  0.02410855
  1.         0.06374554 0.09799476 0.07692952 0.10822122 0.02624546
  0.08264974 0.19234889 0.15478294 0.03836386 0.32671206 0.49764258
  0.02851687]
 [0.97141986 0.26955064 0.03170966 0.41718398 0.23979102 0.03975392
  0.55185902 0.11077967 0.09915733 0.07447467 0.14333369 0.02000901
  0.1515428  0.18227756 0.70453952 0.10710517 0.95790089 0.05018756
  0.01897594]
 [0.35143094 0.19431077 0.06702254 0.98111558 0.26793655 0.04987637
  0.69181396 0.55609064 0.12889376 0.03935488 0.2298988  0.04939737
  0.12813237 0.2420442  0.16671182 0.11231743 0.37044179 0.02343581
  0.05370501]
 [0.08976599 0.62511417 0.95826715 0.88141636 0.02515213 0.083227
  0.12452442 0.97606893 0.15919266 0.00855034 0.03296067 0.03931931
  0.02789048 0.06024694 0.07605631 0.04533705 0.04630823 0.00199142
  0.00635098]
 [0.16683047 0.10709085 0.0551543  1.         0.09169107 0.04593194
  0.31414815 0.14211154 0.07797931 0.01445085 0.06856507 0.04668317
  0.06573402 0.20180498 0.06781294 0.0711432  0.11872304 0.01378783
  0.0259502 ]
 [0.21120283 0.12066722 0.02266014 0.29196429 0.6133062  0.04953306
  1.         0.07167231 0.46927277 0.03300392 0.11696504 0.01947735
  0.13617164 0.19135758 0.14731611 0.07789469 0.33953967 0.01933297
  0.02769583]
 [0.78719108 0.21041797 0.06104249 0.90558952 0.33841778 0.06685661
  0.7215372  0.0976939  0.07849646 0.03621757 0.15796374 0.0527733
  0.14032881 0.2650241  0.16366487 0.17534876 0.45049853 0.04085061
  0.02464985]
 [0.70077166 0.31398233 1.         0.2299207  0.06448187 0.06380841
  0.21519397 0.34889591 0.15972771 0.01253409 0.14646098 0.03556968
  0.0755331  0.06839536 0.6779117  0.10665875 0.64399022 0.02469339
  0.00366506]
 [0.87744421 0.20795425 0.02714576 0.29207536 0.13826678 0.06913252
  1.         0.05085217 0.11900916 0.06605326 0.07887999 0.03904556
  0.61602012 0.16430465 0.11271148 0.03548611 0.8075972  0.0344777
  0.01964569]
 [0.26308653 0.17640252 0.05290841 0.27162763 0.12198618 0.01633724
  1.         0.1253367  0.10432944 0.05729564 0.0688438  0.03587528
  0.06068893 0.12724906 0.06425899 0.06959125 0.20874181 0.03515227
  0.01864915]]
[[0.22273328 0.09454707 0.01177079 0.43933528 0.28893933 0.0393902
  1.         0.05437883 0.04732192 0.03746061 0.07312938 0.02884142
  0.17455351 0.19754163 0.08802433 0.08344245 0.31315581 0.02479994
  0.02117027]
 [0.2954757  0.21412455 0.06585376 0.94927536 0.17003782 0.04605594
  0.58911057 0.15042095 0.12283412 0.06541933 0.14834118 0.04181327
  0.10651125 0.59923137 0.18141051 0.06178597 0.31642375 0.03338014
  0.0185404 ]
 [0.39693311 0.16193124 0.04541844 0.40365275 0.7033583  0.04276685
  1.         0.07475564 0.08983639 0.05546291 0.13528209 0.05428426
  0.51506483 0.19570102 0.14437606 0.05869    0.75929892 0.05426956
  0.0554367 ]
 [0.41650742 0.16606495 0.04913208 1.         0.61799036 0.03652424
  0.40977474 0.07187474 0.14126001 0.02668149 0.20954811 0.06493946
  0.09063206 0.17634485 0.20019602 0.04140296 0.29504646 0.02903147
  0.02395194]
 [0.41485154 0.73401801 0.0213548  0.42119256 0.22831472 0.03950747
  0.70312941 0.07839969 0.13958881 0.09142395 0.11647085 0.04126908
  0.09039683 0.23965646 0.17349257 0.10955885 0.38996174 0.08184118
  0.48899803]
 [0.16194336 0.09453224 0.0436888  0.99979456 0.13793178 0.02841132
  0.87450442 0.09711578 0.06195398 0.03429964 0.0566285  0.05636546
  0.05763417 0.73154683 0.0680394  0.0507749  0.15973481 0.02714313
  0.03496029]
 [0.21042705 0.12912158 0.02213811 1.         0.13160267 0.02036508
  0.31635303 0.09935703 0.72104589 0.029271   0.07955679 0.02588228
  0.10423509 0.12546026 0.11041182 0.05554629 0.24450935 0.01362718
  0.03064568]
 [0.26986679 0.63560746 0.03800086 0.37932493 0.15542012 0.06342418
  1.         0.07616127 0.11234707 0.07145923 0.11258616 0.05711072
  0.0779437  0.2075738  0.1373571  0.07172273 0.25075027 0.493181
  0.03751843]
 [0.21363054 0.13453718 0.03833528 1.         0.14380293 0.08183584
  0.43135095 0.05862938 0.07525518 0.02804656 0.08550401 0.07750348
  0.0796282  0.18670666 0.10261566 0.04995401 0.22275262 0.02535043
  0.0198589 ]
 [0.11597447 0.06965139 0.01847328 0.42733874 0.15317891 0.08099273
  1.         0.04995088 0.0513764  0.05213933 0.06464365 0.04385936
  0.07197154 0.57579049 0.44837839 0.02356081 0.22859969 0.01096747
  0.00682842]]
[0.3913967  0.35120422 0.22889632 0.49033007 0.19820131 0.12438065
 0.47077125 0.2673309  0.18172082 0.05441602 0.15130845 0.10919113
 0.14713052 0.19604838 0.20916735 0.09758053 0.3543248  0.071912
 0.03264919]
[0. 0. 0. 0. 0. 0. 0. 0. 0. 0. 0. 0. 0. 0. 0. 0. 0. 0. 0.]
Distance: 2.6110938366453933

False predicted:
[[0.17553674 0.11171612 0.02176318 0.31655528 0.12120161 0.01762366
  1.         0.07532228 0.07375774 0.01957735 0.62238267 0.02650071
  0.05227557 0.12124592 0.62668368 0.04830519 0.18770325 0.02512374
  0.0381451 ]
 [0.07623217 0.03903524 0.01138752 0.8090319  0.1681194  0.02776112
  1.         0.01925515 0.02768473 0.03143375 0.04855928 0.02020667
  0.06025845 0.66690703 0.04096234 0.02613071 0.15929653 0.01961316
  0.01553717]
 [1.         0.68012757 0.02957903 0.36062828 0.28457888 0.03723744
  0.4070168  0.08481003 0.10915217 0.02859591 0.14395573 0.0211383
  0.131423   0.14004282 0.67210689 0.07725367 0.89748721 0.02381936
  0.01091913]
 [0.20253009 0.12458676 0.01106424 1.         0.1714865  0.05130395
  0.52951362 0.08458556 0.03853554 0.02827714 0.23147035 0.04445038
  0.10416073 0.14930144 0.1040284  0.10696583 0.27806075 0.03391479
  0.04033314]
 [0.09002779 0.08538871 0.01197011 0.15190451 0.05519792 0.02655032
  1.         0.02833305 0.03578663 0.67896594 0.04220538 0.02711422
  0.0373359  0.0964929  0.04373736 0.04840018 0.0931164  0.04706551
  0.0132036 ]
 [0.02952253 0.01134771 0.04176887 0.11155335 0.08739311 0.06892072
  1.         0.02367138 0.03431295 0.04724106 0.05704175 0.01227121
  0.04317478 0.10307499 0.0420762  0.1400348  0.07434865 0.02172937
  0.0047607 ]
 [0.1642787  0.13031544 0.06352079 1.         0.13668691 0.07521033
  0.41378777 0.10887744 0.07209728 0.0376559  0.12877514 0.05583318
  0.07913209 0.18606618 0.52731791 0.08721873 0.19482466 0.02859106
  0.03277746]
 [0.20119788 0.06836521 0.002957   0.21309885 0.2719332  0.0395879
  1.         0.03404386 0.02637265 0.0302789  0.06140257 0.0608883
  0.05892802 0.13827599 0.0529089  0.12150311 0.23754452 0.02842629
  0.04729495]
 [0.87744421 0.20795425 0.02714576 0.29207536 0.13826678 0.06913252
  1.         0.05085217 0.11900916 0.06605326 0.07887999 0.03904556
  0.61602012 0.16430465 0.11271148 0.03548611 0.8075972  0.0344777
  0.01964569]
 [0.27032    0.19488213 0.03901982 0.49822046 0.1879378  0.03732949
  1.         0.10386075 0.5854657  0.04296279 0.10577536 0.06839082
  0.11034766 0.71986326 0.14323364 0.05978955 0.26578313 0.05622994
  0.05385817]
 [0.17492061 0.143154   0.03312088 0.9465464  0.1491258  0.02880145
  0.90305862 0.13372216 0.066942   0.05350236 0.05823582 0.0490069
  0.06362615 0.16319541 0.07299265 0.03461394 0.16608915 0.52309049
  0.02448417]
 [0.21118838 0.71071578 0.04285579 1.         0.1366649  0.12794879
  0.37061509 0.0766925  0.08769706 0.05093136 0.10445912 0.07315009
  0.06164484 0.14045504 0.11434584 0.08135699 0.18429503 0.05089312
  0.02859724]
 [0.082482   0.04967704 0.00946699 0.20828423 0.11902156 0.01809952
  1.         0.0255437  0.0409942  0.01880069 0.06762535 0.04152871
  0.67904959 0.12085138 0.04666665 0.02161317 0.15189693 0.00849188
  0.00691436]
 [0.04254325 0.02340903 0.00899351 0.87991844 0.03704222 0.02451084
  1.         0.03534211 0.01103092 0.00613859 0.03665691 0.0093827
  0.0281009  0.09257054 0.02177066 0.02828589 0.07366223 0.00202962
  0.0015276 ]
 [0.33340178 0.58902152 0.06641812 0.83418159 0.19987464 0.04543519
  1.         0.56564218 0.11869055 0.04097047 0.12914564 0.07083659
  0.10387979 0.18155244 0.154834   0.08499855 0.34468659 0.02399649
  0.01518206]
 [0.20254736 0.10740048 0.05668229 1.         0.21569556 0.04526258
  0.44458873 0.06188153 0.0520444  0.03477913 0.11748177 0.06566052
  0.08680036 0.18840483 0.08557196 0.07775158 0.21484822 0.03356688
  0.03250803]
 [0.12363202 0.07992537 0.03686527 0.90692032 0.15851655 0.05117674
  0.98204372 0.0629524  0.0538046  0.02948378 0.08738225 0.04139468
  0.1107476  0.17928176 0.06635589 0.05817209 0.22403432 0.01692368
  0.01972705]
 [0.33844047 0.76013391 0.12311074 1.         0.1887817  0.08902753
  0.54936659 0.6076573  0.12897463 0.059078   0.11882029 0.08025826
  0.06984186 0.17485567 0.20154954 0.12961029 0.26810949 0.0513543
  0.04811774]
 [0.6416878  0.15791018 0.04892668 1.         0.22377266 0.0513253
  0.52088584 0.084874   0.06300366 0.02248163 0.10873454 0.06471366
  0.08530223 0.2016173  0.09662978 0.11182298 0.22509145 0.04281702
  0.13700585]
 [0.18911317 0.25485985 0.0323891  0.39680799 0.79430139 0.10483879
  0.6705994  0.06067819 0.05753513 0.15061406 0.21426038 0.07461655
  0.13939046 0.18140301 0.87229834 0.13134145 0.26998946 0.21978435
  0.02600251]
 [0.26845582 0.09011722 0.03472309 0.55716841 0.87969881 0.07356241
  0.61622978 0.08360693 0.09044112 0.04080643 0.16337425 0.05096675
  0.09152284 0.23485794 0.10169945 0.0650861  0.92792497 0.05096639
  0.0295152 ]
 [0.17040404 0.12697994 0.04174553 1.         0.12446112 0.03659178
  0.35448823 0.07348348 0.07150281 0.05897644 0.06305552 0.0356723
  0.04134337 0.71248935 0.10678988 0.0704483  0.16413748 0.02041833
  0.01793613]
 [0.13468466 0.06631932 0.00574445 0.23650613 0.70100048 0.03246198
  1.         0.03615131 0.0388999  0.03402353 0.06954803 0.0257241
  0.0591779  0.11960078 0.07394107 0.03172324 0.78711145 0.01160674
  0.01309042]
 [0.066602   0.04658279 0.0307542  0.66765719 0.09014594 0.09717492
  1.         0.04033977 0.0436942  0.05350365 0.05158221 0.03192084
  0.05910192 0.11458756 0.04546113 0.09266268 0.18037439 0.01574803
  0.00332251]
 [0.15991332 0.07617989 0.03308929 1.         0.12179435 0.01931546
  0.32773856 0.06707859 0.05337263 0.02921991 0.12607528 0.0491938
  0.09315096 0.74100845 0.07704518 0.03082869 0.18841012 0.0122358
  0.03606463]
 [0.25425919 0.11114915 0.03050853 0.9393185  0.22393842 0.04278806
  0.56077881 0.05943209 0.10588704 0.0219055  0.11914175 0.0532427
  0.09291877 0.20854568 0.08023402 0.15635078 0.21856043 0.02657212
  0.08703591]
 [0.24547707 0.96103025 0.08832993 0.40818968 0.0967969  0.05188853
  0.46894534 0.19547898 0.87516342 0.06010421 0.06310593 0.04496371
  0.0855235  0.1691738  0.14622437 0.04967327 0.17465468 0.05242016
  0.02065535]
 [0.20339643 0.50286186 0.02523621 0.38915936 0.24942324 0.05236229
  1.         0.03138547 0.01902948 0.0873486  0.0474113  0.06716706
  0.08608376 0.2356401  0.06206214 0.09146266 0.20433275 0.47559269
  0.22028753]
 [0.20056823 0.08587076 0.01803584 1.         0.19492788 0.03668129
  0.33474929 0.06169742 0.06890081 0.01659216 0.06767036 0.06960699
  0.05259033 0.63936082 0.07658469 0.06532333 0.15080837 0.0233619
  0.02123719]
 [0.27041146 0.30634231 0.13152972 0.43702266 0.08963881 0.06990973
  0.9744898  0.16829684 0.14095419 0.53586445 0.08022097 0.03998371
  0.05489709 0.14232385 0.2252354  0.09599055 0.18942089 0.49214301
  0.02449879]]
[[0.04267069 0.08480782 0.00579655 0.23171488 0.63293617 0.09667405
  1.         0.00749121 0.02310125 0.04232925 0.0197035  0.0052006
  0.03990212 0.19811207 0.00725231 0.01099665 0.11771831 0.05024995
  0.00885526]
 [0.36783222 0.2293216  0.03566733 0.42490391 0.23703861 0.05609268
  0.63226987 0.07853575 0.08865096 0.0702396  0.16358103 0.06809098
  0.62298261 0.19340539 0.17167782 0.13835641 0.91093062 0.05036048
  0.03605706]
 [1.         0.76564174 0.03241568 0.29036166 0.190175   0.04901277
  0.44431927 0.06055751 0.07218854 0.04670643 0.13033651 0.03017212
  0.09012225 0.102612   0.80497422 0.1161846  0.39559169 0.05179034
  0.0439285 ]
 [0.39006398 0.81295291 0.15897087 0.59693172 0.18140494 0.16097084
  0.61313528 0.23558431 0.18225991 0.07847324 0.14061645 0.07698459
  0.110318   0.19011647 0.7217547  0.14207027 0.30673026 0.05435445
  0.06138422]
 [0.13482937 0.04569796 0.00348913 0.80945392 0.67753374 0.02185113
  0.53783022 0.02195614 0.03297418 0.04659512 0.05077414 0.0489309
  0.03368268 0.12445947 0.04322568 0.04342581 0.23882106 0.00724751
  0.01998854]
 [0.83727707 0.2093588  0.02046962 0.47820438 0.2416679  0.07295787
  0.66228329 0.09302894 0.09618309 0.09971714 0.10758565 0.06797294
  0.11833674 0.28992248 0.16011807 0.06639659 0.85152328 0.03809539
  0.08074434]
 [0.19063608 0.56675934 0.02015181 1.         0.74083502 0.03455643
  0.33242625 0.06356583 0.07453776 0.01815571 0.1080185  0.03808414
  0.0628396  0.14911936 0.70245698 0.05404771 0.19512467 0.01534682
  0.01164581]
 [0.35224607 0.15954014 0.04965151 0.44582123 0.21944728 0.0551304
  1.         0.0717367  0.09626731 0.05481262 0.11764617 0.06780472
  0.08669789 0.19509364 0.60129312 0.07973022 0.69821618 0.05455617
  0.0371167 ]
 [0.28304254 0.13501357 0.03654836 1.         0.1841905  0.09634343
  0.91868468 0.08548185 0.12874761 0.02253607 0.10563219 0.06342352
  0.08349135 0.27921781 0.12610619 0.16312748 0.2610604  0.03852477
  0.5187549 ]
 [0.13230127 0.11515585 0.13156656 1.         0.13049531 0.07910971
  0.58185261 0.16024407 0.06764271 0.0486222  0.14826458 0.35427105
  0.06660251 0.74221629 0.06451687 0.20677131 0.16016749 0.04573576
  0.03891875]]
[0.35662353 0.3060686  0.18499768 0.50358355 0.21232274 0.1372891
 0.52150244 0.22946964 0.15475066 0.06868395 0.1466259  0.09462242
 0.13195229 0.22062641 0.18146554 0.0910467  0.34772784 0.06961676
 0.03348696]
[0. 0. 0. 1. 0. 0. 1. 0. 0. 0. 0. 0. 0. 0. 0. 0. 0. 0. 0.]
Distance: 2.753750949593372

False predicted:
[[0.71465206 0.19840178 0.05793183 0.93938796 0.18663835 0.09392251
  0.56598844 0.14596092 0.09758616 0.03680074 0.15294226 0.05038567
  0.08993186 0.17957619 0.57643127 0.12755162 0.69285013 0.03530624
  0.01958343]
 [0.12773163 0.06332098 0.02138035 0.37705247 0.19982328 0.13907519
  1.         0.04956446 0.04017885 0.05081103 0.07931562 0.08862494
  0.11403712 0.20471649 0.0689331  0.06095235 0.27680684 0.02151752
  0.01020971]
 [0.1294771  0.07491318 0.01505506 0.93177364 0.20957078 0.10163115
  0.66421211 0.0656388  0.07420497 0.03675125 0.08700346 0.04303803
  0.09316778 0.70058637 0.07152261 0.16898259 0.25314999 0.0238568
  0.04460614]
 [0.31190545 0.12207943 0.04303332 0.47005016 0.16528433 0.02717674
  0.95113221 0.1008293  0.06524203 0.02127056 0.10130341 0.05358787
  0.08143242 0.21790726 0.09563096 0.07767467 0.27804756 0.02045662
  0.02093191]
 [1.         0.89060098 0.01823498 0.43286617 0.19649769 0.03380827
  0.53338533 0.05999293 0.76075255 0.05201193 0.09809847 0.0236589
  0.0781766  0.19660984 0.11997597 0.08394737 0.30740208 0.04284673
  0.03243778]
 [0.28237224 0.11394128 0.03316702 0.51650974 0.23088631 0.04238737
  1.         0.07069282 0.53770346 0.02657276 0.11640461 0.05056452
  0.51195448 0.66394695 0.11597532 0.11027269 0.67252467 0.02268098
  0.06473355]
 [0.2159015  0.09050352 0.01326142 0.36230841 0.18282965 0.02711176
  1.         0.06602876 0.06100769 0.04025472 0.09451476 0.02356762
  0.08627073 0.18354976 0.0842447  0.08159007 0.26031969 0.03190114
  0.0294215 ]
 [0.08826802 0.06087856 0.01159796 0.90506468 0.1327749  0.04610178
  1.         0.03269093 0.03247887 0.02613375 0.05405941 0.04236753
  0.05995233 0.63810183 0.08669748 0.08985677 0.12510614 0.02273952
  0.04689975]
 [0.24430614 0.13443611 0.04897292 1.         0.15586526 0.05076873
  0.32108326 0.14269638 0.0763117  0.01978586 0.10063596 0.02892523
  0.09298086 0.1799917  0.10951419 0.15773287 0.22736993 0.01363703
  0.0271223 ]
 [0.99674491 0.60139068 0.01427186 0.50364287 0.33008047 0.01182283
  0.57325486 0.08217655 0.07557981 0.03182295 0.10820676 0.03367707
  0.09904573 0.16385952 0.13777976 0.07636031 0.84513305 0.01724213
  0.02152677]
 [0.2022236  0.15701094 0.03243054 1.         0.69360445 0.04253935
  0.43604708 0.08808193 0.09847532 0.04696474 0.12756404 0.03884847
  0.08306577 0.21564443 0.64571986 0.09378287 0.23338672 0.03009557
  0.0236989 ]
 [1.         0.76027544 0.03555877 0.46482014 0.2020291  0.05599862
  0.5803823  0.11444803 0.12245763 0.11310192 0.14207422 0.06583789
  0.10799849 0.19092262 0.78037494 0.10354372 0.43432653 0.07171358
  0.03433389]
 [0.22180074 0.07666349 0.00815675 0.31832872 0.74445382 0.03286274
  1.         0.04265101 0.04135838 0.08176747 0.08156981 0.01487733
  0.07231246 0.1638952  0.08559653 0.05927235 0.77345849 0.07222665
  0.01954804]
 [0.26308653 0.17640252 0.05290841 0.27162763 0.12198618 0.01633724
  1.         0.1253367  0.10432944 0.05729564 0.0688438  0.03587528
  0.06068893 0.12724906 0.06425899 0.06959125 0.20874181 0.03515227
  0.01864915]
 [0.82861634 0.22630243 0.02466565 0.45953516 0.27968658 0.0324051
  0.65271821 0.08019186 0.07677362 0.05966834 0.09950431 0.04889874
  0.14306609 0.20511379 0.18829637 0.10808664 0.86045598 0.04578684
  0.03400069]
 [0.99118801 0.6936659  0.05813805 0.95358163 0.77180085 0.04199606
  0.47442544 0.08361202 0.07899346 0.02460222 0.10371597 0.06010651
  0.10572978 0.16583726 0.16544089 0.09215528 0.88208054 0.02979345
  0.04159439]
 [0.20397738 0.11102653 0.02706623 0.94934611 0.13708268 0.02795561
  0.53026088 0.08233822 0.08264021 0.04815781 0.07590665 0.04627867
  0.05451706 0.72020179 0.09753084 0.06654587 0.20872296 0.03013949
  0.02347498]
 [0.17888723 0.10807201 0.01650114 0.43197562 0.16075619 0.12853832
  1.         0.09081357 0.02881052 0.03603243 0.07591987 0.10036568
  0.11188505 0.64838689 0.06787541 0.20864655 0.26578511 0.074414
  0.07614463]
 [0.13857204 0.20996959 0.0228401  1.         0.10908053 0.0951738
  0.54663952 0.05363833 0.63178697 0.06764835 0.68250876 0.14883403
  0.09484582 0.14434936 0.6293891  0.09699052 0.17540055 0.06031789
  0.02532852]
 [0.16900685 0.11642978 0.03491324 0.94233193 0.18384998 0.05052457
  0.99159455 0.10913349 0.07908834 0.03346706 0.06575578 0.02935343
  0.05934806 0.67541661 0.09193915 0.08028899 0.25042915 0.01059533
  0.04015332]
 [0.06733696 0.02730495 0.01329751 0.95180508 0.11321857 0.04058286
  1.         0.02698665 0.02864904 0.0174681  0.04617714 0.03439245
  0.03963415 0.83284602 0.03086078 0.06146241 0.09686656 0.01063976
  0.01129943]
 [0.19258069 0.17678706 0.0190385  0.33035922 0.13350538 0.07906684
  1.         0.06424053 0.10477338 0.51101432 0.05904022 0.05610481
  0.05932186 0.24341156 0.06842348 0.05541494 0.18464639 0.05140428
  0.00771171]
 [0.06634768 0.04911267 0.02513415 0.84575387 0.13365857 0.0596553
  0.75       0.04215606 0.03848104 0.0942119  0.04472266 0.02755069
  0.04960957 0.20887739 0.0208634  0.10870827 0.09177056 0.0386212
  0.00115784]
 [0.13022144 0.06501234 0.01012251 0.46951486 0.30063249 0.02273861
  0.94642857 0.05390946 0.07949966 0.03838374 0.0503622  0.01462588
  0.09142191 0.28200082 0.0992793  0.04764666 0.28883121 0.01349678
  0.02950376]
 [0.84093105 0.75884447 0.03683593 0.35795571 0.16608844 0.06099028
  0.69196822 0.07452503 0.13892334 0.09011597 0.13569138 0.0551418
  0.16356014 0.26267509 0.21847347 0.06442578 0.88549843 0.07189181
  0.02950476]
 [0.25261601 0.23071643 0.06337382 0.44233216 0.15248969 0.03959579
  1.         0.12133253 0.1295848  0.05551427 0.48255275 0.02997905
  0.47355743 0.19349971 0.14387696 0.08835573 0.64777238 0.04237599
  0.02584417]
 [0.79357517 0.24352025 0.02792201 0.40053281 0.58306148 0.04147024
  0.96839402 0.06525576 0.08467434 0.07612835 0.1666427  0.04296354
  0.13486744 0.2089043  0.1350633  0.17499543 0.79701737 0.07503919
  0.03985568]
 [0.95688381 0.82173198 0.03984529 0.48356159 0.21338018 0.06179243
  0.58734109 0.06945279 0.70286888 0.07040323 0.14776278 0.06356652
  0.1035582  0.23733555 0.12080304 0.062802   0.32553723 0.05516916
  0.06543107]
 [0.21225175 0.20520996 0.03478233 0.44144738 0.2092623  0.04444427
  1.         0.0801924  0.05297729 0.43817352 0.07461637 0.09115248
  0.10183531 0.2285756  0.09527527 0.1000979  0.22916993 0.48905961
  0.10991237]
 [0.18081974 0.07728357 0.0267682  0.23346278 0.18379319 0.04992438
  1.         0.041664   0.04272872 0.04652647 0.11589235 0.06164204
  0.09530297 0.54923826 0.0473661  0.04431587 0.30948008 0.01134432
  0.03034684]]
[[1.92617252e-01 1.93199752e-01 5.46608098e-02 3.02191050e-01
  1.42762474e-01 3.42121186e-02 1.00000000e+00 1.00089842e-01
  1.25132508e-01 3.69802578e-02 7.25071960e-02 6.60329187e-02
  7.28989148e-02 1.42597202e-01 1.03292256e-01 5.79109840e-02
  2.36645247e-01 2.63857290e-02 4.11957273e-02]
 [1.35360479e-01 9.09323888e-02 1.31409601e-02 2.39303694e-01
  9.49422501e-02 5.58068068e-02 1.00000000e+00 3.72123930e-02
  5.51695931e-02 6.86213326e-02 6.23886245e-02 5.23849378e-01
  5.42993552e-01 6.23614487e-01 7.73353189e-02 5.14324571e-02
  6.22277633e-01 4.19037172e-02 4.16047310e-03]
 [8.03085995e-02 1.65569643e-01 8.35371984e-04 1.98058287e-01
  1.99539034e-01 2.57670527e-02 1.00000000e+00 1.74601358e-02
  1.69285412e-02 4.92841466e-01 3.54442071e-02 2.40149342e-02
  1.10041006e-01 1.44427479e-01 6.16467212e-02 3.80745311e-02
  2.22245568e-01 5.66911347e-01 2.47954364e-02]
 [1.89510299e-01 1.29996835e-01 1.70904477e-02 2.03869028e-01
  1.06220769e-01 3.54856014e-02 1.00000000e+00 4.38777899e-02
  7.44877593e-02 6.80941859e-01 5.83473956e-02 1.67005473e-02
  6.98583827e-02 7.23174827e-01 7.82497917e-02 3.41609792e-02
  2.08569178e-01 6.64426271e-01 1.03107254e-02]
 [9.34542297e-02 1.16452854e-01 3.17436948e-02 9.47073287e-01
  1.16083202e-01 4.38390569e-02 9.53545334e-01 5.11245685e-02
  5.22099572e-02 2.54852850e-02 3.73089108e-02 2.58875850e-02
  5.14431111e-02 1.88875210e-01 4.82024171e-02 2.07061269e-02
  1.49974165e-01 8.80841076e-03 9.87905468e-03]
 [1.38436308e-01 6.63087085e-02 1.85365133e-02 8.87483156e-01
  1.08990047e-01 3.77519860e-02 1.00000000e+00 5.83130545e-02
  4.71945244e-02 3.10629083e-02 7.90206897e-02 5.32921396e-02
  5.94334024e-01 6.81692950e-01 5.98047275e-02 4.85266909e-02
  1.89473896e-01 1.42727932e-02 1.28240832e-02]
 [2.75261555e-01 1.03459103e-01 1.36634871e-02 4.07830730e-01
  1.77868912e-01 6.90996191e-02 1.00000000e+00 4.59376935e-02
  1.03189088e-01 1.61293454e-02 1.34873130e-01 7.47031307e-02
  9.78154802e-02 1.95449164e-01 1.34328635e-01 5.85466456e-02
  2.53244272e-01 6.35442989e-03 2.38374636e-02]
 [7.88619459e-01 7.33291522e-01 2.23525179e-02 2.62269719e-01
  1.14685892e-01 2.29277764e-02 1.00000000e+00 6.02757799e-02
  1.00177577e-01 6.17608655e-02 7.57230436e-02 3.12910742e-02
  5.89602936e-02 7.10943326e-01 8.84004415e-02 5.11872182e-02
  2.13739851e-01 4.41112729e-02 2.19020865e-02]
 [1.26621546e-01 1.69752100e-01 4.62407868e-02 9.20307196e-01
  9.21681615e-02 2.40252930e-02 9.92851359e-01 1.65943497e-01
  1.82906976e-01 2.22954609e-02 3.89622682e-02 3.04569051e-02
  8.43092878e-02 7.18896819e-01 7.62784107e-02 3.70276405e-02
  1.11335179e-01 1.95241726e-02 2.63450271e-02]
 [1.00000000e+00 2.53527001e-01 1.74919965e-02 4.75643683e-01
  3.43671457e-01 2.79219484e-02 4.44423956e-01 8.57712103e-02
  9.62925559e-02 1.78704221e-02 1.14904522e-01 3.89657119e-02
  1.21166883e-01 1.43214053e-01 1.96753885e-01 1.08262285e-01
  9.02763958e-01 2.45433903e-02 3.68008218e-02]]
[0.41071615 0.33820915 0.16263631 0.49254426 0.23558675 0.11617521
 0.553318   0.2087277  0.16802147 0.07137658 0.16526395 0.08888706
 0.15569222 0.23515275 0.19346732 0.09821913 0.37406632 0.06650125
 0.03705946]
[0. 0. 0. 0. 0. 0. 1. 0. 0. 0. 0. 0. 0. 0. 0. 0. 0. 0. 0.]
Distance: 2.9363766330287127

