
Output some example predictions and true values:
0 are zero predictions

Correct predicted:
[[0.164 0.063 0.079 0.214 0.109 0.020 0.547 0.055 0.124 0.018 0.980 0.043
  0.196 0.108 0.098 0.041 0.274 0.020 0.001]
 [0.190 0.061 0.028 0.402 0.071 0.019 0.409 0.168 0.068 0.007 0.954 0.025
  0.088 0.134 0.126 0.139 0.225 0.004 0.014]
 [0.052 0.030 0.003 0.149 0.052 0.070 0.145 0.004 0.020 0.003 1.000 0.014
  0.015 0.036 0.036 0.037 0.103 0.002 0.009]
 [0.166 0.170 0.023 0.470 0.188 0.040 0.702 0.048 0.040 0.168 0.060 0.107
  0.087 0.299 0.070 0.037 0.141 0.088 0.955]
 [0.214 0.122 0.005 0.193 0.110 0.033 0.424 0.023 0.809 0.038 0.934 0.016
  0.062 0.121 0.101 0.094 0.910 0.031 0.006]
 [0.454 0.190 0.004 0.425 0.150 0.014 0.750 0.037 0.041 0.072 0.047 0.101
  0.513 0.458 0.036 0.014 0.536 0.167 0.136]
 [0.196 0.098 0.061 0.982 0.204 0.136 0.550 0.075 0.057 0.033 0.088 0.125
  0.070 0.649 0.044 0.060 0.213 0.032 0.032]
 [0.096 0.281 0.904 0.483 0.056 0.052 0.240 0.926 0.224 0.017 0.033 0.056
  0.025 0.133 0.080 0.088 0.067 0.011 0.021]
 [0.157 0.085 0.047 0.980 0.107 0.032 0.902 0.077 0.058 0.017 0.116 0.102
  0.071 0.145 0.089 0.131 0.208 0.018 0.013]
 [0.772 0.133 0.019 0.330 0.178 0.032 0.998 0.076 0.082 0.049 0.099 0.036
  0.096 0.184 0.090 0.020 0.800 0.030 0.017]
 [0.120 0.077 0.012 0.395 0.616 0.095 1.000 0.021 0.062 0.057 0.152 0.028
  0.029 0.144 0.136 0.084 0.255 0.039 0.003]
 [0.116 0.070 0.018 0.427 0.153 0.081 1.000 0.050 0.051 0.052 0.065 0.044
  0.072 0.576 0.448 0.024 0.229 0.011 0.007]
 [0.244 0.157 0.119 1.000 0.226 0.111 0.644 0.172 0.087 0.039 0.125 0.103
  0.107 0.236 0.097 0.159 0.281 0.037 0.043]
 [0.126 0.867 0.983 0.485 0.094 0.071 0.360 0.206 0.132 0.028 0.093 0.038
  0.066 0.110 0.090 0.110 0.124 0.014 0.032]
 [0.060 0.042 0.016 0.813 0.104 0.185 1.000 0.032 0.040 0.057 0.027 0.052
  0.051 0.130 0.056 0.150 0.130 0.018 0.002]
 [0.043 0.023 0.009 0.880 0.037 0.025 1.000 0.035 0.011 0.006 0.037 0.009
  0.028 0.093 0.022 0.028 0.074 0.002 0.002]
 [0.140 0.705 0.969 0.498 0.046 0.052 0.216 0.972 0.569 0.019 0.055 0.053
  0.031 0.119 0.442 0.066 0.072 0.006 0.018]
 [0.190 1.000 0.060 0.341 0.090 0.072 0.434 0.139 0.927 0.065 0.061 0.051
  0.064 0.145 0.116 0.066 0.163 0.044 0.013]
 [0.229 0.045 0.005 0.512 0.414 0.172 0.678 0.032 0.057 0.045 0.667 0.018
  0.718 0.207 0.057 0.080 0.488 0.014 0.014]
 [0.866 0.672 0.045 0.348 0.216 0.046 0.622 0.096 0.107 0.103 0.134 0.046
  0.134 0.178 0.667 0.118 0.870 0.061 0.020]
 [0.155 0.173 0.021 0.508 0.223 0.045 1.000 0.078 0.049 0.065 0.068 0.160
  0.109 0.359 0.087 0.051 0.175 0.096 0.147]
 [0.062 0.027 0.010 0.843 0.103 0.038 0.979 0.039 0.053 0.025 0.082 0.019
  0.056 0.741 0.040 0.096 0.176 0.003 0.009]
 [0.132 0.093 0.021 0.340 0.173 0.076 1.000 0.053 0.068 0.043 0.086 0.089
  0.049 0.120 0.050 0.053 0.187 0.022 0.042]
 [0.198 0.138 0.017 1.000 0.054 0.044 0.184 0.050 0.054 0.007 0.096 0.025
  0.016 0.213 0.082 0.070 0.106 0.088 0.001]
 [0.780 0.061 0.014 1.000 0.770 0.015 0.423 0.035 0.041 0.016 0.060 0.071
  0.064 0.104 0.069 0.098 0.210 0.021 0.032]
 [0.207 0.747 0.964 0.961 0.076 0.141 0.314 0.934 0.641 0.047 0.073 0.094
  0.053 0.114 0.108 0.070 0.138 0.023 0.025]
 [0.252 0.150 0.018 0.294 0.143 0.023 1.000 0.060 0.082 0.053 0.114 0.041
  0.632 0.140 0.204 0.029 0.866 0.015 0.008]
 [0.183 0.102 0.029 0.996 0.112 0.024 0.474 0.088 0.058 0.044 0.107 0.068
  0.077 0.201 0.062 0.080 0.222 0.017 0.050]
 [0.502 0.239 1.000 0.788 0.017 0.047 0.093 0.922 0.118 0.006 0.021 0.058
  0.021 0.065 0.060 0.080 0.035 0.001 0.007]
 [0.077 0.027 0.009 0.763 0.088 0.081 1.000 0.031 0.070 0.027 0.189 0.577
  0.121 0.142 0.093 0.127 0.221 0.020 0.003]]
[0.944 0.096 0.025 0.965 0.219 0.012 0.342 0.045 0.151 0.022 0.078 0.012
 0.047 0.180 0.072 0.004 0.181 0.007 0.001]
[0.221 0.190 0.139 0.606 0.148 0.118 0.609 0.234 0.154 0.062 0.122 0.092
 0.077 0.257 0.113 0.145 0.241 0.062 0.072]
[0.000 0.000 0.000 1.000 0.000 0.000 1.000 0.000 0.000 0.000 0.000 0.000
 0.000 0.000 0.000 0.000 0.000 0.000 0.000]
Distance: 0.9204188509218167

Correct predicted:
[[0.138 0.066 0.019 0.887 0.109 0.038 1.000 0.058 0.047 0.031 0.079 0.053
  0.594 0.682 0.060 0.049 0.189 0.014 0.013]
 [0.161 0.079 0.010 0.221 0.773 0.049 1.000 0.035 0.025 0.018 0.061 0.040
  0.050 0.098 0.055 0.113 0.158 0.052 0.044]
 [0.003 0.002 0.006 0.175 0.710 1.000 0.144 0.019 0.010 0.012 0.013 0.056
  0.019 0.073 0.001 0.009 0.052 0.007 0.003]
 [0.089 0.185 0.347 0.838 0.121 0.110 0.364 0.728 0.134 0.025 0.040 0.110
  0.055 0.148 0.393 0.114 0.096 0.048 0.137]
 [0.094 0.036 0.022 0.904 0.165 0.049 1.000 0.031 0.081 0.032 0.075 0.033
  0.043 0.252 0.037 0.059 0.594 0.017 0.008]
 [0.704 0.093 0.009 0.538 0.570 0.061 0.942 0.033 0.059 0.038 0.089 0.050
  0.418 0.228 0.112 0.106 0.313 0.014 0.022]
 [0.069 0.101 0.014 0.404 0.134 0.016 1.000 0.049 0.028 0.036 0.029 0.140
  0.078 0.781 0.047 0.030 0.124 0.077 0.089]
 [0.158 0.180 0.018 0.401 0.175 0.142 1.000 0.033 0.046 0.520 0.061 0.070
  0.080 0.220 0.051 0.057 0.155 0.123 0.121]
 [0.067 0.043 0.032 0.332 0.094 1.000 0.372 0.044 0.036 0.487 0.039 0.077
  0.040 0.106 0.041 0.153 0.112 0.022 0.011]
 [0.227 0.641 0.099 0.415 0.156 0.029 1.000 0.043 0.117 0.028 0.143 0.036
  0.064 0.205 0.144 0.145 0.182 0.035 0.652]
 [0.624 0.516 0.053 0.544 0.289 0.058 0.696 0.070 0.050 0.050 0.077 0.079
  0.096 0.224 0.080 0.158 0.557 0.074 0.236]
 [0.047 0.038 0.006 0.215 0.081 0.077 1.000 0.034 0.016 0.073 0.049 0.011
  0.050 0.099 0.018 0.173 0.330 0.187 0.005]
 [0.190 0.121 0.004 0.214 0.152 0.041 1.000 0.021 0.027 0.565 0.076 0.035
  0.062 0.219 0.037 0.042 0.121 0.562 0.129]
 [0.107 0.120 0.023 0.278 0.085 0.252 0.655 0.027 0.096 0.684 0.101 0.086
  0.667 0.146 0.075 0.742 0.196 0.060 0.008]
 [0.116 0.124 0.031 0.379 0.166 0.054 1.000 0.056 0.073 0.074 0.045 0.040
  0.088 0.654 0.044 0.085 0.199 0.047 0.041]
 [0.043 0.462 0.006 0.251 0.546 0.038 1.000 0.022 0.033 0.050 0.027 0.034
  0.101 0.253 0.014 0.017 0.139 0.092 0.004]
 [0.019 0.124 1.000 0.396 0.043 0.057 0.147 0.677 0.101 0.011 0.025 0.104
  0.019 0.061 0.012 0.037 0.011 0.015 0.049]
 [0.115 0.052 0.000 0.227 0.047 1.000 0.306 0.000 0.020 0.076 0.070 0.059
  0.025 0.076 0.023 0.007 0.089 0.021 0.005]
 [0.143 0.661 0.016 0.130 0.052 0.280 0.906 0.028 0.032 0.050 0.049 0.086
  0.023 0.036 0.667 0.372 0.047 0.022 0.002]
 [0.132 0.062 0.011 0.853 0.138 0.027 1.000 0.548 0.033 0.024 0.109 0.024
  0.059 0.141 0.062 0.176 0.220 0.032 0.090]
 [0.139 0.139 0.029 1.000 0.134 0.020 0.292 0.039 0.042 0.028 0.072 0.053
  0.044 0.128 0.192 0.031 0.089 0.035 0.174]
 [0.117 0.640 0.913 0.795 0.061 0.071 0.263 0.908 0.556 0.019 0.049 0.070
  0.037 0.469 0.106 0.094 0.068 0.008 0.018]
 [0.157 0.596 0.019 0.155 0.045 0.302 0.851 0.027 0.046 0.080 0.068 0.099
  0.043 0.065 0.594 0.382 0.066 0.050 0.002]
 [0.172 0.075 0.009 1.000 0.237 0.065 0.827 0.041 0.097 0.020 0.208 0.034
  0.084 0.148 0.096 0.027 0.192 0.005 0.007]
 [0.182 0.080 0.006 0.875 0.126 0.289 0.240 0.028 0.044 0.018 0.100 0.048
  0.037 0.084 0.712 0.053 0.153 0.009 0.026]
 [0.587 0.172 0.061 0.416 0.256 0.044 0.980 0.095 0.035 0.045 0.113 0.063
  0.116 0.195 0.108 0.255 0.594 0.091 0.167]
 [0.085 0.039 0.010 0.785 0.156 0.058 1.000 0.020 0.027 0.043 0.050 0.058
  0.044 0.105 0.032 0.035 0.129 0.017 0.020]
 [0.044 0.032 0.004 0.169 0.064 0.030 1.000 0.022 0.015 0.042 0.024 0.019
  0.034 0.091 0.026 0.054 0.334 0.009 0.005]
 [0.099 0.648 0.017 0.156 0.046 0.300 0.906 0.031 0.036 0.056 0.039 0.085
  0.039 0.040 0.642 0.300 0.075 0.028 0.001]
 [0.121 0.111 0.038 0.915 0.132 0.014 0.899 0.153 0.101 0.026 0.041 0.021
  0.070 0.150 0.056 0.045 0.136 0.017 0.014]]
[0.125 0.154 0.055 0.295 0.122 0.063 1.000 0.507 0.524 0.073 0.072 0.042
 0.066 0.178 0.072 0.080 0.137 0.048 0.016]
[0.179 0.155 0.078 0.512 0.193 0.112 0.765 0.117 0.096 0.064 0.121 0.090
 0.073 0.302 0.101 0.116 0.226 0.060 0.055]
[0.000 0.000 0.000 1.000 0.000 0.000 1.000 0.000 0.000 0.000 0.000 0.000
 0.000 0.000 0.000 0.000 0.000 0.000 0.000]
Distance: 0.6926190414563292

False predicted:
[[0.087 0.036 0.025 0.903 0.126 0.070 1.000 0.032 0.037 0.039 0.076 0.022
  0.062 0.779 0.035 0.047 0.193 0.018 0.005]
 [0.297 0.145 0.032 0.878 0.128 0.028 0.340 0.124 0.143 0.012 0.376 0.026
  0.143 0.517 0.170 0.126 0.424 0.005 0.019]
 [0.358 0.226 0.028 0.435 0.210 0.054 0.685 0.095 0.083 0.061 0.122 0.035
  0.134 0.265 0.157 0.171 0.418 0.035 0.728]
 [0.081 0.043 0.016 0.854 0.112 0.063 1.000 0.036 0.030 0.031 0.069 0.022
  0.061 0.110 0.043 0.057 0.161 0.016 0.004]
 [0.103 0.056 0.012 0.276 0.133 0.042 1.000 0.024 0.038 0.034 0.129 0.030
  0.622 0.155 0.063 0.016 0.729 0.012 0.008]
 [0.312 0.109 0.047 0.541 0.584 0.169 0.750 0.091 0.059 0.062 0.287 0.042
  0.112 0.271 0.126 0.107 0.482 0.025 0.016]
 [0.162 0.095 0.044 1.000 0.138 0.028 0.875 0.097 0.062 0.034 0.057 0.056
  0.058 0.732 0.068 0.051 0.160 0.027 0.035]
 [0.148 0.132 0.031 0.817 0.129 0.078 1.000 0.074 0.088 0.104 0.069 0.048
  0.073 0.665 0.067 0.075 0.198 0.047 0.024]
 [0.893 0.144 0.035 0.402 0.767 0.055 0.980 0.090 0.089 0.032 0.176 0.040
  0.108 0.177 0.204 0.035 0.416 0.024 0.020]
 [0.232 0.155 0.050 0.451 0.164 0.084 0.994 0.102 0.078 0.069 0.086 0.071
  0.089 0.621 0.115 0.045 0.253 0.032 0.047]
 [0.103 0.028 0.021 0.740 0.049 0.058 1.000 0.058 0.112 0.042 0.099 0.055
  0.030 0.656 0.070 0.043 0.119 0.011 0.003]
 [0.968 0.146 0.023 0.945 0.794 0.029 0.488 0.052 0.057 0.020 0.066 0.032
  0.077 0.145 0.073 0.057 0.796 0.024 0.044]
 [0.054 0.043 0.011 0.256 0.120 0.067 1.000 0.012 0.022 0.038 0.012 0.012
  0.042 0.144 0.046 0.050 0.107 0.019 0.002]
 [0.982 0.184 0.028 0.927 0.788 0.026 0.454 0.054 0.054 0.022 0.067 0.032
  0.065 0.127 0.094 0.020 0.302 0.027 0.044]
 [0.144 0.074 0.011 0.967 0.132 0.027 0.981 0.046 0.088 0.022 0.179 0.022
  0.084 0.224 0.098 0.049 0.247 0.006 0.009]
 [0.239 0.195 0.029 0.379 0.593 0.037 1.000 0.088 0.125 0.062 0.101 0.045
  0.116 0.171 0.142 0.048 0.700 0.039 0.031]
 [0.334 0.247 0.067 0.474 0.188 0.104 1.000 0.140 0.127 0.509 0.119 0.047
  0.114 0.188 0.160 0.087 0.328 0.058 0.039]
 [0.116 0.053 0.004 0.284 0.117 0.227 1.000 0.022 0.028 0.019 0.136 0.097
  0.091 0.638 0.063 0.033 0.176 0.009 0.009]
 [0.185 0.128 0.037 0.441 0.172 0.017 1.000 0.106 0.103 0.044 0.084 0.049
  0.108 0.664 0.083 0.039 0.656 0.032 0.022]
 [0.181 0.077 0.027 0.233 0.184 0.050 1.000 0.042 0.043 0.047 0.116 0.062
  0.095 0.549 0.047 0.044 0.309 0.011 0.030]
 [0.042 0.017 0.004 0.173 0.043 0.016 1.000 0.011 0.008 0.010 0.029 0.048
  0.023 0.126 0.019 0.015 0.759 0.011 0.004]
 [0.043 0.023 0.009 0.880 0.037 0.025 1.000 0.035 0.011 0.006 0.037 0.009
  0.028 0.093 0.022 0.028 0.074 0.002 0.002]
 [0.241 0.170 0.008 0.358 0.726 0.023 1.000 0.103 0.066 0.029 0.095 0.021
  0.076 0.153 0.127 0.053 0.251 0.037 0.011]
 [0.275 0.103 0.014 0.408 0.178 0.069 1.000 0.046 0.103 0.016 0.135 0.075
  0.098 0.195 0.134 0.059 0.253 0.006 0.024]
 [0.162 0.102 0.012 0.341 0.619 0.047 1.000 0.054 0.052 0.528 0.056 0.032
  0.052 0.171 0.056 0.043 0.215 0.044 0.020]
 [1.000 0.221 0.040 0.434 0.839 0.052 0.496 0.080 0.111 0.024 0.141 0.036
  0.185 0.171 0.201 0.077 0.926 0.018 0.025]
 [0.118 0.051 0.019 0.779 0.133 0.106 1.000 0.046 0.069 0.035 0.124 0.508
  0.072 0.216 0.095 0.062 0.205 0.007 0.009]
 [0.167 0.089 0.010 0.427 0.750 0.042 1.000 0.122 0.053 0.018 0.187 0.042
  0.097 0.222 0.077 0.090 0.804 0.008 0.008]
 [0.130 0.110 0.034 0.813 0.118 0.067 1.000 0.054 0.072 0.085 0.103 0.485
  0.068 0.177 0.056 0.085 0.163 0.041 0.016]
 [0.048 0.022 0.014 0.802 0.081 0.051 1.000 0.017 0.019 0.020 0.037 0.029
  0.062 0.701 0.027 0.023 0.096 0.007 0.003]]
[0.095 0.081 0.008 0.213 0.108 0.938 0.354 0.028 0.032 0.059 0.140 0.966
 0.045 0.105 0.043 0.080 0.118 0.025 0.046]
[0.212 0.155 0.049 0.513 0.224 0.091 0.798 0.079 0.077 0.059 0.123 0.076
 0.091 0.317 0.099 0.091 0.274 0.054 0.044]
[0.000 0.000 0.000 1.000 0.000 0.000 1.000 0.000 0.000 0.000 0.000 0.000
 0.000 0.000 0.000 0.000 0.000 0.000 0.000]
Distance: 1.3822063518495955

Correct predicted:
[[0.178 0.229 0.041 0.991 0.120 0.140 0.525 0.294 0.151 0.022 0.062 0.041
  0.116 0.608 0.051 0.351 0.201 0.014 0.008]
 [0.189 0.122 0.047 0.381 0.600 0.029 1.000 0.107 0.077 0.058 0.077 0.056
  0.498 0.198 0.089 0.057 0.686 0.043 0.023]
 [0.903 0.180 0.029 0.485 0.791 0.038 0.618 0.098 0.079 0.028 0.137 0.027
  0.090 0.201 0.158 0.118 0.898 0.034 0.013]
 [0.260 0.133 0.025 0.887 0.181 0.055 1.000 0.081 0.068 0.030 0.067 0.035
  0.099 0.666 0.104 0.043 0.254 0.017 0.050]
 [0.805 0.172 0.052 0.991 0.225 0.027 0.495 0.097 0.107 0.032 0.106 0.044
  0.086 0.255 0.121 0.076 0.295 0.024 0.023]
 [0.231 0.172 0.033 0.550 0.214 0.042 0.750 0.157 0.168 0.050 0.609 0.048
  0.624 0.318 0.142 0.058 0.337 0.039 0.024]
 [0.156 0.120 0.029 0.356 0.169 0.064 1.000 0.059 0.059 0.036 0.096 0.142
  0.108 0.159 0.098 0.077 0.185 0.581 0.078]
 [0.028 0.060 0.003 1.000 0.058 0.010 0.753 0.044 0.004 0.006 0.007 0.031
  0.017 0.671 0.005 0.003 0.011 0.064 0.036]
 [0.140 0.071 0.047 0.305 0.126 0.064 1.000 0.061 0.061 0.071 0.090 0.040
  0.076 0.654 0.063 0.069 0.222 0.021 0.017]
 [0.148 0.127 0.041 0.992 0.185 0.068 0.523 0.054 0.059 0.051 0.051 0.085
  0.465 0.650 0.032 0.035 0.188 0.063 0.048]
 [0.103 0.028 0.021 0.740 0.049 0.058 1.000 0.058 0.112 0.042 0.099 0.055
  0.030 0.656 0.070 0.043 0.119 0.011 0.003]
 [0.190 0.118 0.027 1.000 0.104 0.024 0.323 0.085 0.051 0.017 0.135 0.027
  0.070 0.703 0.113 0.068 0.179 0.013 0.027]
 [0.094 0.122 0.011 0.250 0.286 0.094 0.974 0.040 0.055 0.086 0.059 0.096
  0.653 0.145 0.062 0.105 0.704 0.073 0.014]
 [0.079 0.116 0.044 0.487 0.155 0.101 1.000 0.050 0.032 0.349 0.042 0.141
  0.086 0.739 0.024 0.010 0.099 0.070 0.058]
 [0.104 0.067 0.008 0.449 0.187 0.036 0.812 0.025 0.048 0.019 0.643 0.061
  0.220 0.172 0.121 0.105 0.677 0.026 0.076]
 [0.898 0.826 0.948 0.334 0.126 0.062 0.347 0.244 0.713 0.026 0.105 0.034
  0.054 0.651 0.860 0.081 0.788 0.021 0.019]
 [0.044 0.042 0.012 0.420 0.082 0.119 1.000 0.032 0.039 0.055 0.081 0.034
  0.058 0.528 0.033 0.019 0.202 0.013 0.012]
 [0.303 0.268 0.009 0.297 0.192 0.049 0.625 0.060 0.066 0.115 0.657 0.044
  0.203 0.147 0.146 0.206 0.823 0.120 0.036]
 [0.137 0.442 0.040 1.000 0.225 0.040 0.664 0.044 0.038 0.050 0.063 0.183
  0.118 0.771 0.056 0.012 0.153 0.113 0.162]
 [0.100 0.019 0.002 0.844 0.057 0.059 1.000 0.024 0.009 0.008 0.070 0.044
  0.012 0.769 0.020 0.033 0.107 0.015 0.005]
 [0.124 0.304 0.044 0.337 0.200 0.035 1.000 0.033 0.034 0.039 0.603 0.058
  0.083 0.410 0.601 0.035 0.128 0.094 0.358]
 [0.198 0.092 0.022 0.839 0.226 0.064 1.000 0.054 0.116 0.057 0.083 0.448
  0.111 0.644 0.112 0.126 0.278 0.020 0.027]
 [0.865 0.681 0.030 0.477 0.214 0.027 0.914 0.068 0.118 0.026 0.210 0.044
  0.182 0.162 0.232 0.159 0.909 0.027 0.061]
 [0.140 0.138 0.099 0.544 0.702 0.068 0.695 0.056 0.043 0.041 0.048 0.139
  0.550 0.345 0.034 0.014 0.591 0.098 0.128]
 [0.144 0.135 0.020 0.239 0.061 0.082 1.000 0.548 0.068 0.061 0.079 0.009
  0.038 0.109 0.054 0.039 0.131 0.042 0.007]
 [0.156 0.153 0.043 0.496 0.204 0.055 0.694 0.048 0.056 0.038 0.650 0.131
  0.132 0.355 0.072 0.015 0.139 0.062 0.145]
 [0.816 0.135 0.022 0.422 0.234 0.067 0.649 0.099 0.510 0.103 0.585 0.060
  0.170 0.167 0.178 0.111 0.355 0.062 0.015]
 [0.193 0.131 0.018 0.436 0.237 0.030 0.971 0.053 0.049 0.017 0.125 0.049
  0.080 0.693 0.100 0.103 0.230 0.026 0.050]
 [0.079 0.078 0.037 0.990 0.133 0.026 0.976 0.044 0.020 0.026 0.050 0.116
  0.064 0.842 0.039 0.046 0.113 0.047 0.100]
 [0.095 0.052 0.004 0.769 0.076 0.027 1.000 0.020 0.019 0.039 0.025 0.028
  0.018 0.731 0.024 0.019 0.063 0.028 0.007]]
[0.028 0.020 0.008 0.148 0.057 0.151 1.000 0.014 0.036 0.063 0.022 0.050
 0.023 0.084 0.009 0.013 0.076 0.017 0.006]
[0.186 0.151 0.054 0.533 0.197 0.095 0.786 0.086 0.085 0.057 0.114 0.073
 0.083 0.328 0.084 0.092 0.242 0.056 0.041]
[0.000 0.000 0.000 1.000 0.000 0.000 1.000 0.000 0.000 0.000 0.000 0.000
 0.000 0.000 0.000 0.000 0.000 0.000 0.000]
Distance: 0.6187450511082986

False predicted:
[[0.022 0.028 0.001 0.964 0.059 0.022 0.982 0.065 0.078 0.081 0.030 0.012
  0.034 0.161 0.008 0.018 0.062 0.010 0.007]
 [0.271 0.215 0.096 0.981 0.222 0.036 0.608 0.146 0.085 0.043 0.112 0.074
  0.109 0.253 0.157 0.068 0.273 0.062 0.060]
 [0.853 0.779 0.033 0.241 0.123 0.056 1.000 0.069 0.113 0.090 0.099 0.028
  0.069 0.125 0.123 0.045 0.235 0.069 0.029]
 [0.357 0.205 0.013 0.998 0.195 0.149 0.555 0.615 0.621 0.037 0.067 0.065
  0.061 0.267 0.149 0.313 0.329 0.205 0.044]
 [0.390 0.813 0.159 0.597 0.181 0.161 0.613 0.236 0.182 0.078 0.141 0.077
  0.110 0.190 0.722 0.142 0.307 0.054 0.061]
 [0.904 0.278 0.044 0.356 0.182 0.028 0.924 0.109 0.126 0.580 0.134 0.027
  0.092 0.109 0.197 0.062 0.396 0.530 0.033]
 [0.058 0.666 0.013 1.000 0.029 0.126 0.323 0.036 0.666 0.069 0.107 0.104
  0.061 0.052 0.064 0.071 0.146 0.028 0.007]
 [0.135 0.046 0.003 0.809 0.678 0.022 0.538 0.022 0.033 0.047 0.051 0.049
  0.034 0.124 0.043 0.043 0.239 0.007 0.020]
 [0.968 0.104 0.087 0.305 0.893 0.043 0.464 0.051 0.087 0.031 0.134 0.045
  0.075 0.150 0.104 0.045 0.491 0.050 0.025]
 [1.000 0.255 0.053 0.317 0.178 0.041 0.540 0.074 0.097 0.039 0.108 0.042
  0.104 0.219 0.779 0.083 0.343 0.036 0.019]
 [1.000 0.760 0.036 0.465 0.202 0.056 0.580 0.114 0.122 0.113 0.142 0.066
  0.108 0.191 0.780 0.104 0.434 0.072 0.034]
 [0.189 0.115 0.030 0.408 0.198 0.043 1.000 0.083 0.067 0.054 0.066 0.037
  0.452 0.245 0.091 0.098 0.631 0.037 0.028]
 [0.222 0.077 0.008 0.318 0.744 0.033 1.000 0.043 0.041 0.082 0.082 0.015
  0.072 0.164 0.086 0.059 0.773 0.072 0.020]
 [0.238 0.127 0.015 1.000 0.149 0.026 0.424 0.069 0.066 0.035 0.131 0.022
  0.077 0.794 0.095 0.066 0.237 0.021 0.013]
 [0.104 0.074 0.077 0.993 0.199 0.024 0.921 0.571 0.546 0.021 0.054 0.043
  0.060 0.701 0.139 0.044 0.210 0.018 0.015]
 [0.102 0.129 0.011 0.721 0.141 0.049 1.000 0.071 0.025 0.038 0.065 0.082
  0.052 0.638 0.051 0.117 0.161 0.041 0.079]
 [0.145 0.125 0.018 1.000 0.106 0.042 0.410 0.173 0.078 0.034 0.061 0.077
  0.046 0.671 0.077 0.111 0.160 0.025 0.016]
 [1.000 0.291 0.024 0.467 0.663 0.028 0.544 0.107 0.142 0.079 0.099 0.035
  0.088 0.189 0.146 0.078 0.817 0.061 0.032]
 [0.211 0.121 0.023 0.292 0.613 0.050 1.000 0.072 0.469 0.033 0.117 0.019
  0.136 0.191 0.147 0.078 0.340 0.019 0.028]
 [0.223 0.095 0.012 0.439 0.289 0.039 1.000 0.054 0.047 0.037 0.073 0.029
  0.175 0.198 0.088 0.083 0.313 0.025 0.021]
 [0.183 0.099 0.019 0.364 0.155 0.073 1.000 0.054 0.070 0.016 0.115 0.080
  0.093 0.184 0.105 0.040 0.193 0.009 0.011]
 [0.368 0.295 0.065 0.389 0.158 0.053 1.000 0.104 0.128 0.535 0.130 0.035
  0.093 0.174 0.190 0.070 0.332 0.511 0.024]
 [0.148 0.090 0.029 1.000 0.081 0.023 0.228 0.064 0.034 0.018 0.054 0.023
  0.045 0.215 0.056 0.020 0.131 0.023 0.017]
 [0.120 0.097 0.050 0.263 0.104 0.804 0.386 0.512 0.086 0.027 0.093 0.106
  0.064 0.143 0.505 0.324 0.177 0.049 0.055]
 [0.091 0.052 0.071 0.262 0.631 0.092 1.000 0.030 0.034 0.011 0.112 0.018
  0.121 0.125 0.081 0.020 0.274 0.010 0.003]
 [0.160 0.089 0.026 1.000 0.147 0.068 0.377 0.070 0.529 0.017 0.098 0.041
  0.052 0.158 0.061 0.101 0.142 0.017 0.030]
 [0.107 0.046 0.005 0.244 0.725 0.048 1.000 0.020 0.027 0.030 0.079 0.031
  0.052 0.110 0.047 0.044 0.172 0.017 0.006]
 [0.034 0.027 0.021 0.190 0.053 0.942 0.812 0.023 0.019 0.052 0.017 0.046
  0.012 0.048 0.051 0.069 0.050 0.016 0.004]
 [0.293 0.197 0.051 0.428 0.220 0.048 1.000 0.104 0.125 0.047 0.122 0.057
  0.123 0.203 0.161 0.064 0.327 0.028 0.024]
 [0.245 0.961 0.088 0.408 0.097 0.052 0.469 0.195 0.875 0.060 0.063 0.045
  0.086 0.169 0.146 0.050 0.175 0.052 0.021]]
[0.026 0.029 0.046 0.150 0.061 1.000 0.282 0.026 0.011 0.059 0.084 0.021
 0.069 0.064 0.028 0.049 0.074 0.028 0.003]
[0.230 0.170 0.061 0.498 0.216 0.102 0.751 0.106 0.089 0.063 0.140 0.087
 0.095 0.267 0.111 0.109 0.276 0.055 0.048]
[0.000 0.000 0.000 0.000 0.000 0.000 1.000 0.000 0.000 0.000 0.000 0.000
 0.000 0.000 0.000 0.000 0.000 0.000 0.000]
Distance: 1.1616214265546627

