
Output some example predictions and true values:
3 are zero predictions

False predicted:
[[0.31681224 0.19993947 0.03507996 ... 0.3285372  0.0435757  0.03821316]
 [0.05872842 0.14253445 0.01053785 ... 0.16299901 0.14626071 0.00949209]
 [0.183724   0.09263288 0.0175158  ... 0.2491058  0.024933   0.0142737 ]
 ...
 [0.10885577 0.09474409 0.02416427 ... 0.12815726 0.04632564 0.1028458 ]
 [0.15645173 0.07928495 0.0193967  ... 0.15486685 0.01247436 0.01886358]
 [0.04762179 0.03030499 0.03347266 ... 0.02383107 0.00271542 0.00072411]]
[[0.14495478 0.06509289 0.01894852 0.26866949 0.17779152 0.05963068
  1.         0.04832666 0.04043491 0.04495639 0.10234942 0.02917581
  0.0735254  0.14887854 0.07789897 0.06058172 0.2152041  0.02614283
  0.00949573]
 [0.13348239 0.12542498 0.0198288  0.97705456 0.16184271 0.03228921
  0.63586422 0.0720865  0.06465516 0.02973402 0.05111364 0.64699166
  0.08962695 0.72901449 0.07593033 0.09688396 0.1634789  0.05520324
  0.10274973]
 [0.43337244 0.20033779 0.04484062 0.9048741  0.24629907 0.06892303
  0.51062282 0.10710691 0.11504857 0.03714097 0.10032294 0.05287054
  0.12246492 0.51382614 0.16881763 0.13646726 0.65863121 0.02721282
  0.03706034]
 [0.33625845 0.08444989 0.0489783  0.94388678 0.37839156 0.06666319
  0.70914417 0.04972917 0.09355268 0.04873143 0.11550188 0.07691127
  0.14147623 0.22272541 0.12495086 0.09368627 0.38951766 0.01785882
  0.03740377]
 [0.21008178 0.11343614 0.03021296 1.         0.18265869 0.1946943
  0.43737263 0.06914828 0.07372403 0.01873114 0.14447006 0.07083377
  0.08168821 0.18622115 0.10258472 0.11299505 0.22672237 0.01893033
  0.05570135]
 [0.02364378 0.03192347 0.00292018 0.12465818 0.06105056 0.01957685
  1.         0.01592178 0.25580774 0.01137248 0.04356218 0.02372106
  0.0318262  0.07089889 0.0178581  0.08808092 0.06740921 0.01003493
  0.0415749 ]
 [0.93816013 0.17567312 0.03159456 0.48066683 0.75885548 0.08972259
  0.92503966 0.13179805 0.08566443 0.02812067 0.11326948 0.0514059
  0.09356299 0.14917618 0.14823933 0.16216469 0.86411661 0.02369469
  0.02497104]
 [0.79880914 0.18508686 0.03716826 0.28168023 0.1732925  0.02410855
  1.         0.06374554 0.09799476 0.07692952 0.10822122 0.02624546
  0.08264974 0.19234889 0.15478294 0.03836386 0.32671206 0.49764258
  0.02851687]
 [0.9872793  0.77690505 0.05485023 0.42011126 0.21754302 0.06801396
  0.56060317 0.08641088 0.08500003 0.09014643 0.13443002 0.06324962
  0.0897869  0.15417296 0.75047848 0.11453865 0.39233988 0.05696708
  0.04169635]
 [0.21029877 0.12090178 0.03075736 0.96944691 0.62877234 0.03544698
  0.70599095 0.07819106 0.04493839 0.03126528 0.11189162 0.0745185
  0.14257071 0.59454834 0.1206696  0.24125679 0.76367519 0.06855198
  0.07957358]]
[0.31869408 0.21816513 0.06064108 0.684519   0.22949651 0.06537423
 0.7047663  0.14729053 0.13125153 0.06589713 0.13037895 0.06301464
 0.1119098  0.32476917 0.1493372  0.09704706 0.30445713 0.04905523
 0.04378684]
[0. 0. 0. 1. 0. 0. 1. 0. 0. 0. 0. 0. 0. 0. 0. 0. 0. 0. 0.]
Distance: 2.4821004825480726

False predicted:
[[0.         0.         0.         ... 0.         0.         0.        ]
 [0.         0.         0.         ... 0.         0.         0.        ]
 [0.         0.         0.         ... 0.         0.         0.        ]
 ...
 [0.31960635 0.24835353 0.07142771 ... 0.18446012 0.01969549 0.01991682]
 [0.09667938 0.05697304 0.00544701 ... 0.17668747 0.0149378  0.01015783]
 [1.         0.76027544 0.03555877 ... 0.43432653 0.07171358 0.03433389]]
[[0.22180074 0.07666349 0.00815675 0.31832872 0.74445382 0.03286274
  1.         0.04265101 0.04135838 0.08176747 0.08156981 0.01487733
  0.07231246 0.1638952  0.08559653 0.05927235 0.77345849 0.07222665
  0.01954804]
 [0.20434127 0.10381493 0.02530563 0.29923259 0.21996718 0.0791488
  1.         0.05169367 0.04730861 0.09969549 0.07327656 0.06467429
  0.07149416 0.13995619 0.05982496 0.08804539 0.29253217 0.39696965
  0.04569117]
 [0.23784078 0.12657263 0.01545943 1.         0.14932865 0.0255394
  0.42412148 0.06918452 0.06575401 0.03529298 0.13142084 0.02206116
  0.07653559 0.7943258  0.09466384 0.06609236 0.23669474 0.02101973
  0.01334021]
 [0.10428925 0.0741893  0.07717248 0.99287018 0.19888964 0.02389027
  0.92106827 0.57124329 0.54561664 0.02142008 0.05363695 0.04316742
  0.05952714 0.70086646 0.13890317 0.04377563 0.2097044  0.018188
  0.01474084]
 [0.3676357  0.29521688 0.06533473 0.38922765 0.15823557 0.05340622
  1.         0.10412263 0.12781193 0.53496194 0.12962378 0.035321
  0.09304348 0.17361024 0.18977694 0.07037516 0.33162093 0.51121665
  0.02384551]
 [0.06554267 0.06991745 0.01813018 0.22986613 0.06396091 0.02143067
  1.         0.03797799 0.04501008 0.06118791 0.03755736 0.03458736
  0.03742517 0.18899304 0.04185379 0.05125563 0.12309674 0.03129924
  0.00343599]
 [0.35096437 0.28475177 0.06401682 0.86515872 0.19951565 0.04600913
  1.         0.13859817 0.14850555 0.07757766 0.14746918 0.04970892
  0.11935424 0.20453975 0.25747824 0.08318262 0.35662352 0.04166867
  0.01811892]
 [0.12150462 0.36381052 0.88643398 0.98803784 0.06376042 0.07100441
  0.23875116 0.84687347 0.11773493 0.02356851 0.03485382 0.0557457
  0.03275697 0.10193515 0.48695346 0.08243286 0.10086801 0.01735215
  0.01241579]
 [0.13026331 0.10967996 0.03421283 0.81256841 0.11845378 0.06703658
  1.         0.05361227 0.0723866  0.08453986 0.10333952 0.48466674
  0.06795316 0.17742573 0.05638856 0.08543704 0.16259124 0.04120497
  0.01604826]
 [0.06223042 0.05813444 0.02743753 0.38084251 0.08849956 0.08605999
  1.         0.05373803 0.0404237  0.42281001 0.02819468 0.02611833
  0.04163531 0.53293885 0.03116588 0.05563812 0.09978132 0.03135811
  0.00231409]]
[0.24763744 0.1757515  0.05026244 0.51058775 0.24619603 0.08297965
 0.818232   0.10283852 0.1010356  0.06645575 0.10706937 0.06892667
 0.11561491 0.3009961  0.11436206 0.08119025 0.30915982 0.07227968
 0.03719457]
[0. 0. 0. 1. 0. 0. 1. 0. 0. 0. 0. 0. 0. 0. 0. 0. 0. 0. 0.]
Distance: 2.506169898413677

False predicted:
[[0.23873749 0.14134312 0.00751427 ... 0.92050928 0.05438718 0.04365823]
 [0.26713603 0.11620559 0.07381772 ... 0.3581651  0.01030908 0.04320938]
 [0.34236467 0.15446982 0.01739046 ... 0.34357744 0.08443782 0.07405603]
 ...
 [0.06437206 0.56281688 0.76946165 ... 0.05790094 0.03935651 0.08494696]
 [0.76793581 0.12057392 0.03621289 ... 0.29146905 0.01590439 0.02601581]
 [0.91974392 0.72010204 0.028157   ... 0.89167122 0.0456726  0.03323915]]
[[3.38440472e-01 7.60133914e-01 1.23110741e-01 1.00000000e+00
  1.88781697e-01 8.90275328e-02 5.49366592e-01 6.07657297e-01
  1.28974634e-01 5.90780025e-02 1.18820292e-01 8.02582584e-02
  6.98418574e-02 1.74855670e-01 2.01549536e-01 1.29610293e-01
  2.68109489e-01 5.13543010e-02 4.81177365e-02]
 [2.84413336e-01 7.25506618e-01 1.17671392e-01 1.00000000e+00
  1.53134276e-01 6.47158924e-02 4.77497321e-01 1.70869291e-01
  1.24203417e-01 5.01177634e-02 1.45396075e-01 8.09331096e-02
  8.56920086e-02 1.80549493e-01 6.71474238e-01 1.28765955e-01
  2.15129405e-01 4.63239939e-02 7.54062063e-02]
 [2.38141897e-01 1.92925906e-01 2.32409788e-02 3.71024494e-01
  1.66152644e-01 5.30674729e-02 1.00000000e+00 1.17927411e-01
  5.58407688e-01 3.27518200e-02 1.00705418e-01 3.14142457e-02
  8.13389788e-02 6.68653014e-01 1.67600760e-01 1.27048338e-01
  2.84492698e-01 2.18026237e-02 9.06592869e-03]
 [3.87893653e-01 8.12994199e-01 4.63627960e-02 2.78223063e-01
  1.67869951e-01 7.70793100e-02 6.45416025e-01 6.44135049e-02
  1.27117725e-01 6.49403844e-01 1.14077352e-01 3.81427491e-02
  8.05409194e-02 1.37912208e-01 1.44011526e-01 8.23673711e-02
  3.75866199e-01 6.02425810e-01 1.52661132e-02]
 [2.94112061e-02 4.67266376e-01 1.00000000e+00 4.46183775e-01
  3.09294012e-02 8.47204488e-02 1.89391493e-01 6.99883587e-01
  4.49863489e-01 1.80770179e-02 2.35629048e-02 1.83813434e-01
  2.99460480e-02 1.39835808e-01 1.63855286e-02 6.43460026e-02
  2.22772688e-02 2.32580032e-02 4.65491933e-02]
 [8.52771753e-01 7.78959813e-01 3.34437198e-02 2.40613441e-01
  1.22541880e-01 5.63082768e-02 1.00000000e+00 6.94905088e-02
  1.12526147e-01 8.99570836e-02 9.93774073e-02 2.84678721e-02
  6.90540746e-02 1.25321598e-01 1.23418993e-01 4.48524804e-02
  2.34753387e-01 6.86565464e-02 2.87396278e-02]
 [3.90063979e-01 8.12952909e-01 1.58970868e-01 5.96931718e-01
  1.81404943e-01 1.60970840e-01 6.13135283e-01 2.35584313e-01
  1.82259909e-01 7.84732444e-02 1.40616445e-01 7.69845948e-02
  1.10318004e-01 1.90116475e-01 7.21754699e-01 1.42070268e-01
  3.06730264e-01 5.43544549e-02 6.13842202e-02]
 [1.17725701e-01 4.87343199e-01 3.13819454e-02 1.00000000e+00
  1.23532790e-01 2.99971599e-01 3.87827096e-01 3.84630989e-02
  4.78393967e-01 1.86363462e-02 1.28622431e-01 2.34395349e-02
  6.07610947e-02 1.41998542e-01 5.31661751e-02 5.81490148e-02
  1.90135074e-01 7.01250663e-03 4.90647572e-03]
 [2.64340533e-01 1.90047117e-01 4.31618569e-02 8.88887535e-01
  1.63091748e-01 5.14981393e-02 5.64063796e-01 1.02328570e-01
  5.73102161e-01 3.36104302e-02 8.82144879e-02 3.70196460e-02
  9.04677514e-02 6.58337734e-01 1.38540755e-01 1.61160078e-01
  2.64052569e-01 6.76660979e-02 1.78896257e-02]
 [3.15307780e-02 3.12244321e-02 2.12305125e-02 1.00000000e+00
  2.22589235e-02 2.82450639e-01 1.63944670e-01 5.77191430e-03
  3.62614438e-02 3.70734443e-03 6.36691127e-02 4.21419678e-03
  3.63985454e-03 6.68275451e-02 6.19523652e-03 1.38278989e-02
  4.41536546e-02 6.07638706e-04 2.08143716e-03]]
[0.47099608 0.31744787 0.07580601 0.5560113  0.29279402 0.0770683
 0.6724731  0.11220163 0.13655183 0.06339172 0.17765202 0.06542984
 0.1502341  0.22617336 0.20293851 0.10740066 0.49043205 0.0408773
 0.05213998]
[0. 0. 0. 1. 0. 0. 1. 0. 0. 0. 0. 0. 0. 0. 0. 0. 0. 0. 0.]
Distance: 3.0482457971469508

False predicted:
[[0.         0.         0.         ... 0.         0.         0.        ]
 [0.         0.         0.         ... 0.         0.         0.        ]
 [0.         0.         0.         ... 0.         0.         0.        ]
 ...
 [0.78305354 0.71344581 0.10144966 ... 0.27767347 0.0481223  0.0558327 ]
 [0.38760975 0.16537278 0.02140463 ... 1.         0.06447354 0.01363022]
 [0.90427021 0.27776301 0.04363717 ... 0.39585927 0.52965448 0.03279069]]
[[1.         0.7425803  0.04847252 0.89488175 0.71390538 0.04806312
  0.55529368 0.13584562 0.07585364 0.0313036  0.08881526 0.04105531
  0.13039605 0.14076506 0.15870849 0.07389064 0.84526262 0.02824016
  0.04969567]
 [1.         0.76027544 0.03555877 0.46482014 0.2020291  0.05599862
  0.5803823  0.11444803 0.12245763 0.11310192 0.14207422 0.06583789
  0.10799849 0.19092262 0.78037494 0.10354372 0.43432653 0.07171358
  0.03433389]
 [0.23784078 0.12657263 0.01545943 1.         0.14932865 0.0255394
  0.42412148 0.06918452 0.06575401 0.03529298 0.13142084 0.02206116
  0.07653559 0.7943258  0.09466384 0.06609236 0.23669474 0.02101973
  0.01334021]
 [1.         0.29147762 0.02395402 0.4670706  0.66326922 0.02774429
  0.54379655 0.10693156 0.14246777 0.07941337 0.09867367 0.03469381
  0.08791562 0.18942995 0.14606887 0.07788069 0.8167311  0.06085816
  0.03151519]
 [0.02330424 0.01108092 0.01219886 0.07592306 0.01863364 1.
  0.20760176 0.01101799 0.01084997 0.0180406  0.03528127 0.00445303
  0.01340864 0.06309087 0.00693617 0.00132558 0.0399041  0.00983266
  0.00132558]
 [0.1906238  0.24314062 0.02280146 0.48559674 0.25039738 0.06469184
  0.75       0.07379546 0.06295245 0.06341263 0.07854944 0.12728183
  0.13340642 0.39257648 0.51966079 0.0336129  0.65417205 0.13141368
  0.17497306]
 [0.09411422 0.08435315 0.04545455 0.18342075 0.05754662 1.
  0.22793873 0.03409091 0.06978438 0.07983683 0.07298951 0.01136364
  0.04626623 0.08522727 0.10227273 0.06701632 0.07138695 0.00888695
  0.        ]
 [0.09766812 0.55243011 0.00252618 0.27323503 0.23260172 0.05299761
  0.75       0.02644137 0.03352559 0.53692902 0.06687867 0.02769372
  0.11963972 0.20179459 0.04539413 0.04683486 0.24086212 0.58396498
  0.01852067]
 [0.07498654 0.10144858 0.03026372 0.46876852 0.22583836 0.04381097
  1.         0.04793895 0.03509833 0.03765949 0.0564658  0.1756889
  0.50641325 0.43915701 0.02275149 0.01348687 0.1897097  0.10291069
  0.11839511]
 [0.08922772 0.05519939 0.03061729 0.24314749 0.12680415 0.06183887
  1.         0.02458273 0.02219809 0.02034367 0.71372156 0.03883982
  0.0630322  0.11342175 0.03199732 0.09954585 0.13118554 0.03064426
  0.02960936]]
[0.42796502 0.2917309  0.06356981 0.5704652  0.25278857 0.0722977
 0.7058428  0.11466135 0.13068777 0.06493887 0.13319919 0.07635176
 0.13372575 0.24701856 0.17868729 0.09339625 0.4046022  0.04949867
 0.04789059]
[0. 0. 0. 1. 0. 0. 1. 0. 0. 0. 0. 0. 0. 0. 0. 0. 0. 0. 0.]
Distance: 3.088970371588835

False predicted:
[[1.72515105e-02 6.59879134e-03 1.07460239e-02 ... 5.64299184e-02
  2.07875082e-02 5.99903908e-04]
 [2.57062404e-01 1.53681386e-01 1.42928634e-02 ... 3.55135974e-01
  2.59377290e-02 2.63669382e-02]
 [2.25448213e-01 1.00003761e-01 7.46126495e-03 ... 8.14259525e-01
  3.74722037e-02 2.67835720e-02]
 ...
 [5.25029213e-01 1.59041930e-01 2.71975353e-01 ... 9.28988425e-02
  2.61123308e-02 9.41726658e-02]
 [1.36363636e-01 0.00000000e+00 0.00000000e+00 ... 0.00000000e+00
  0.00000000e+00 0.00000000e+00]
 [5.35761478e-01 5.84999481e-01 4.51943810e-02 ... 1.27112097e-01
  5.95114640e-02 9.71867839e-02]]
[[4.69266008e-01 5.54472482e-01 1.00000000e+00 8.45545682e-01
  1.24697779e-02 1.16275956e-02 5.44405967e-02 6.75132436e-01
  1.52084773e-01 1.85955686e-04 3.20510366e-02 3.88870782e-01
  2.29845652e-02 2.93951474e-02 2.04009242e-01 5.71288793e-01
  1.82007249e-02 2.46605848e-04 1.14891867e-02]
 [1.65399371e-01 6.09424482e-01 8.71770353e-02 4.22025477e-01
  1.62855054e-01 1.68439380e-02 8.85849166e-01 7.04114795e-01
  1.17482423e-01 2.46957516e-02 5.89016419e-02 3.03091774e-02
  5.81257658e-02 1.14253620e-01 7.03258419e-02 1.50931560e-01
  1.49943635e-01 2.43093906e-02 4.59930490e-02]
 [1.11076274e-01 6.91294146e-02 6.00964773e-02 1.00000000e+00
  1.45492988e-01 4.76212219e-02 6.18393456e-01 7.09386559e-01
  8.21948176e-02 2.13926593e-02 8.39838563e-02 7.53132553e-02
  5.61618734e-01 2.48230526e-01 7.14997216e-02 2.78322474e-01
  1.96782815e-01 1.01921533e-02 1.02321043e-02]
 [8.06106754e-02 1.89798444e-01 3.09229354e-01 8.27475926e-01
  4.38903801e-01 9.13251295e-02 3.31801956e-01 7.28623978e-01
  1.08248073e-01 1.53576318e-02 4.28675225e-02 9.04917672e-02
  5.52394497e-02 1.02920159e-01 6.72748153e-02 1.62575835e-01
  1.06770025e-01 4.32697724e-02 9.62746380e-02]
 [2.38792434e-01 1.42604975e-01 1.42160019e-02 3.57020111e-01
  1.64457933e-01 2.82863899e-02 1.00000000e+00 1.03615891e-01
  7.16786198e-02 1.46212231e-02 1.09499661e-01 2.68223130e-02
  8.17565594e-02 7.98802523e-01 7.27632900e-01 9.66158653e-02
  2.15002387e-01 2.28019020e-02 6.95907047e-02]
 [3.25050352e-02 3.17946232e-01 4.26055671e-03 5.59205080e-01
  8.06204741e-02 8.29833616e-02 8.78841315e-02 1.00000000e+00
  3.95142427e-02 1.32550653e-03 3.96089218e-02 5.05197072e-01
  2.52478331e-02 1.65359881e-01 6.00028404e-02 5.82896250e-01
  2.02376444e-02 0.00000000e+00 1.83061382e-02]
 [1.84949220e-01 1.08649625e-01 2.28901808e-02 3.53837194e-01
  6.64076852e-01 9.02384993e-02 1.00000000e+00 5.57561160e-02
  5.09113349e-02 2.32612027e-02 7.34899224e-02 5.06265994e-02
  8.12923583e-02 6.37224002e-01 6.01307609e-02 1.84269171e-01
  7.50337478e-01 2.57761563e-02 6.41305759e-02]
 [6.32058088e-02 6.44797998e-02 7.49427639e-02 2.51052445e-01
  9.02758938e-02 5.87424646e-03 3.08676970e-01 9.08475529e-01
  7.78363881e-01 2.22276793e-02 8.39123370e-01 2.14446455e-02
  1.11078197e-01 1.64755367e-01 1.67247175e-02 3.30886808e-01
  1.76946909e-01 0.00000000e+00 0.00000000e+00]
 [3.87596899e-02 8.44078988e-02 9.06277275e-01 1.14027592e-01
  5.00123506e-02 4.89230785e-02 2.36695753e-01 1.00000000e+00
  6.61027693e-02 2.32558140e-02 2.32558140e-02 4.70981706e-02
  3.80091974e-02 5.77642886e-02 7.75193798e-03 2.14253010e-01
  9.65239785e-02 2.32558140e-02 7.75193798e-03]
 [1.60526425e-01 9.06682901e-02 1.56024264e-02 9.70283183e-01
  1.53130838e-01 6.69849231e-02 7.17185234e-01 1.10143540e-01
  4.47865090e-01 2.88456656e-02 6.49509143e-02 7.41368387e-02
  5.72625552e-02 6.55064276e-01 1.00813633e-01 1.92273005e-01
  1.52150554e-01 5.54310197e-02 4.48505744e-02]]
[0.27528426 0.24723738 0.12530023 0.61917675 0.1905047  0.0830334
 0.62376404 0.20327854 0.17065473 0.08933641 0.08840921 0.1005122
 0.12488923 0.27056754 0.1264786  0.08951478 0.26600897 0.03819066
 0.07296486]
[0. 0. 0. 1. 0. 0. 1. 0. 0. 0. 0. 0. 0. 0. 0. 0. 0. 0. 0.]
Distance: 3.3883846762518606

